TDRS 3                  
1 19548U 88091B   26019.71404228 -.00000283  00000+0  00000+0 0  9991
2 19548  12.7142 341.9794 0043072 348.2438 357.0778  1.00276827123894
FLTSATCOM 8 (USA 46)    
1 20253U 89077A   26019.81986294 -.00000352  00000+0  00000+0 0  9997
2 20253  12.4618 352.0546 0008793 309.3591 238.7157  1.00269818259079
SKYNET 4C               
1 20776U 90079A   26019.58759481  .00000141  00000+0  00000+0 0  9996
2 20776  13.3867 350.8240 0003146 311.2630  61.8526  1.00277375129400
TDRS 5                  
1 21639U 91054B   26019.61914168  .00000098  00000+0  00000+0 0  9999
2 21639  14.0888 354.8726 0013789 262.4563 277.1328  1.00265896126223
TDRS 6                  
1 22314U 93003B   26019.36835289 -.00000282  00000+0  00000+0 0  9990
2 22314  14.1791 358.1625 0006876 211.4050 355.9176  1.00277328120916
UFO 2 (USA 95)          
1 22787U 93056A   26019.58672815  .00000138  00000+0  00000+0 0  9999
2 22787  11.8443   4.3595 0007934 314.9728  39.5738  1.00269985117051
USA 99 (MILSTAR-1 1)    
1 22988U 94009A   26019.49182756 -.00000189  00000+0  00000+0 0  9998
2 22988  17.3950  29.3084 0003813 280.5550 256.0723  1.00270909 31469
UFO 4 (USA 108)         
1 23467U 95003A   26019.75772256 -.00000008  00000+0  00000+0 0  9995
2 23467   9.6503  13.7167 0003251 288.9227 261.5797  1.00274550113467
TDRS 7                  
1 23613U 95035B   26019.88400920 -.00000226  00000+0  00000+0 0  9995
2 23613  13.4381 349.2098 0004789  41.7325 135.7861  1.00272477111769
USA 115 (MILSTAR-1 2)   
1 23712U 95060A   26019.55717463 -.00000007  00000+0  00000+0 0  9997
2 23712  14.0180   4.8440 0003223 308.0819 246.5924  1.00272432 31399
INMARSAT 3-F1           
1 23839U 96020A   26019.66325529  .00000115  00000+0  00000+0 0  9993
2 23839  10.2915  47.9869 0007886 234.0982 130.7696  0.99978330108778
INMARSAT 3-F2           
1 24307U 96053A   26019.17311856 -.00000267  00000+0  00000+0 0  9993
2 24307   9.5194  55.4394 0006003 244.0972 182.2432  0.99989000107434
INMARSAT 3-F3           
1 24674U 96070A   26019.76205591  .00000089  00000+0  00000+0 0  9993
2 24674   9.9975  51.0660 0008077 237.4887 298.9093  0.99994802106426
AMC-3                   
1 24936U 97050A   26019.56670802 -.00000251  00000+0  00000+0 0  9994
2 24936   7.7804  65.7886 0003144 244.6774 300.5007  1.00270840 50943
USA 134                 
1 25019U 97065A   26019.55873464 -.00000053  00000+0  00000+0 0  9991
2 25019  12.6058  22.8196 0006667 282.0456 263.0236  1.00275870 31467
INMARSAT 3-F5           
1 25153U 98006B   26019.92692367 -.00000280  00000+0  00000+0 0  9990
2 25153   9.3598  54.7211 0005155 251.3341  92.9228  1.00268818102400
SKYNET 4E               
1 25639U 99009B   26019.75416920 -.00000278  00000+0  00000+0 0  9990
2 25639  11.9763   9.8951 0004787 265.0036 269.7710  0.99030875 49684
ABS-6                   
1 25924U 99053A   26019.89780350 -.00000104  00000+0  00000+0 0  9990
2 25924   0.0704 261.2591 0002651  26.8359 313.3900  1.00278102 96340
UFO 10 (USA 146)        
1 25967U 99063A   26019.86173573 -.00000176  00000+0  00000+0 0  9997
2 25967   9.8399  27.9915 0006297 266.5074 112.0446  1.00274741 95868
ASIASTAR                
1 26107U 00016A   26019.60180823 -.00000323  00000+0  00000+0 0  9996
2 26107   8.7825  59.7347 0004570 242.9024 138.0252  1.00271428 94438
USA 149 (DSP 20)        
1 26356U 00024A   26019.69090213  .00000108  00000+0  00000+0 0  9993
2 26356  13.0572  12.8911 0000241 197.9465 351.8210  1.00279723 31423
TDRS 8                  
1 26388U 00034A   26019.52649443 -.00000184  00000+0  00000+0 0  9991
2 26388  12.4483  32.5653 0005442 276.5381  83.9874  1.00275517 93685
NSS-11                  
1 26554U 00059A   26019.90118352  .00000038  00000+0  00000+0 0  9992
2 26554   1.7422  83.2453 0002945 223.9190 312.5388  1.00271656 39809
USA 153                 
1 26575U 00065A   26019.89295014 -.00000313  00000+0  00000+0 0  9998
2 26575  11.3682  36.6268 0001916 285.2235 253.3446  1.00270163 31442
AMC-6                   
1 26580U 00067A   26019.69688218  .00000103  00000+0  00000+0 0  9992
2 26580   0.0633 280.2282 0003321 358.3344 316.3416  1.00271883 92407
USA 157 (MILSTAR-2 2)   
1 26715U 01009A   26019.69384882  .00000122  00000+0  00000+0 0  9990
2 26715  11.3773  20.6631 0040314 184.1758  13.8931  1.00270929 31457
INTELSAT 10 (IS-10)     
1 26766U 01019A   26019.93247037 -.00000234  00000+0  00000+0 0  9999
2 26766   8.7191  60.7668 0008223 244.4732 123.9993  0.99077690 44112
USA 159 (DSP 21)        
1 26880U 01033A   26019.85653571 -.00000286  00000+0  00000+0 0  9994
2 26880  12.6454  17.4662 0000437 311.8874  49.0480  1.00267146 31488
INTELSAT 902 (IS-902)   
1 26900U 01039A   26019.92770367 -.00000272  00000+0  00000+0 0  9999
2 26900   5.7433  73.6125 0004642 229.0598 100.4872  1.00270033 89203
USA 164 (MILSTAR-2 3)   
1 27168U 02001A   26019.72738903  .00000110  00000+0  00000+0 0  9994
2 27168  11.0007  22.7839 0098392   3.6716  13.4628  1.00274723 31475
INTELSAT 904 (IS-904)   
1 27380U 02007A   26019.43211387 -.00000215  00000+0  00000+0 0  9993
2 27380   6.5473  70.9888 0003540 281.7425 250.1339  1.00269362 50274
DIRECTV 5 (TEMPO 1)     
1 27426U 02023A   26019.70182221 -.00000045  00000+0  00000+0 0  9997
2 27426   4.4973  77.1944 0003204 229.1266 315.2975  1.00271743 86639
INTELSAT 905 (IS-905)   
1 27438U 02027A   26014.70377841  .00000106  00000+0  00000+0 0  9990
2 27438   6.3677  71.6679 0003283 226.7408 291.9213  1.00273482 49823
GALAXY 3C (G-3C)        
1 27445U 02030A   26019.84752232 -.00000140  00000+0  00000+0 0  9992
2 27445   3.3562  80.0702 0000906  71.3315 178.0881  1.00271719 45005
INTELSAT 906 (IS-906)   
1 27513U 02041A   26019.73631575  .00000025  00000+0  00000+0 0  9995
2 27513   5.4261  74.7705 0005364 209.8068 163.7522  1.00271173 85549
NIMIQ 2                 
1 27632U 02062A   26019.63066843 -.00000058  00000+0  00000+0 0  9996
2 27632   9.1029  58.4581 0006089 244.3393 294.0479  1.00273042 42690
USA 167                 
1 27691U 03008A   26018.13043005  .00000014  00000+0  00000+0 0  9992
2 27691  10.6619  44.7377 0005297 274.2914  83.6861  1.00275068  5268
USA 169 (MILSTAR-2 4)   
1 27711U 03012A   26019.82507551 -.00000186  00000+0  00000+0 0  9999
2 27711  12.1225  31.0274 0097330   2.1867 175.1396  1.00270495 31460
ASIASAT 4               
1 27718U 03014A   26019.61021495 -.00000211  00000+0  00000+0 0  9992
2 27718   4.3252  77.6422 0002899 220.5947 187.9774  1.00270710 43815
HELLAS-SAT 2            
1 27811U 03020A   26019.93559038 -.00000073  00000+0  00000+0 0  9993
2 27811   6.9842  69.6711 0009970 212.8236 163.5993  1.00271517 41363
THURAYA-2               
1 27825U 03026A   26019.66100194  .00000137  00000+0  00000+0 0  9999
2 27825   8.6066  32.5601 0003641 280.1653  88.2834  1.00273494 82865
OPTUS C1                
1 27831U 03028B   26019.89711016 -.00000140  00000+0  00000+0 0  9999
2 27831   6.5170  71.2241 0005844 233.2014 293.5765  1.00270650 51571
USA 170                 
1 27875U 03040A   26018.72986713  .00000137  00000+0  00000+0 0  9995
2 27875  10.1826  49.3501 0001992 249.0116 106.6987  1.00276152 31482
GALAXY 13 (HORIZONS-1)  
1 27954U 03044A   26019.76526260  .00000146  00000+0  00000+0 0  9999
2 27954   1.0350  85.9761 0002231 212.7001 305.9271  1.00271092 45081
YAMAL 202               
1 28089U 03053A   26019.89867017 -.00000070  00000+0  00000+0 0  9998
2 28089   5.9696  72.7620 0006592 207.5113 325.9974  1.00271720 81210
UFO 11 (USA 174)        
1 28117U 03057A   26019.59591487 -.00000091  00000+0  00000+0 0  9999
2 28117   8.7837  34.5369 0004346 252.1081 122.2925  1.00270496 80965
USA 176 (DSP 22)        
1 28158U 04004A   26019.56176799 -.00000147  00000+0  00000+0 0  9991
2 28158  11.8582  27.1480 0003149 250.7050 306.6919  1.00269017 31441
ABS-4 (MOBISAT-1)       
1 28184U 04007A   26019.80703618  .00000051  00000+0  00000+0 0  9999
2 28184   5.6664  73.8338 0005653 229.5088 167.3244  1.00272772 50850
EUTELSAT 139 WEST A     
1 28187U 04008A   26019.69852885 -.00000024  00000+0  00000+0 0  9992
2 28187   5.4516  73.8205 0003660 146.2768  23.7366  1.00841354 79866
AMC-11                  
1 28252U 04017A   26019.70164888 -.00000035  00000+0  00000+0 0  9998
2 28252   0.0125 358.9322 0002864 302.0975 319.5491  1.00272088 79373
INTELSAT 10-02          
1 28358U 04022A   26019.93741039  .00000000  00000+0  00000+0 0  9996
2 28358   0.0246  75.1303 0001275 264.1280 116.5906  1.00269355 79079
ANIK F2                 
1 28378U 04027A   26019.63032176 -.00000037  00000+0  00000+0 0  9996
2 28378   2.8993  81.4917 0001381 252.8803 260.4511  1.00271831 39770
AMC-15                  
1 28446U 04041A   26019.91678361 -.00000074  00000+0  00000+0 0  9992
2 28446   0.0304 316.7135 0002239 329.7471  57.8208  1.00272085 77816
NSS-10                  
1 28526U 05003A   26019.93021701 -.00000240  00000+0  00000+0 0  9997
2 28526   6.0781  72.2692 0003007 233.6296 110.8425  1.00271638 51663
XM-3 (RHYTHM)           
1 28626U 05008A   26019.92432366 -.00000112  00000+0  00000+0 0  9993
2 28626   0.2716  83.4043 0003499 281.7796  19.8512  0.98951986 41128
INMARSAT 4-F1           
1 28628U 05009A   26019.68760877  .00000045  00000+0  00000+0 0  9994
2 28628   4.9657  42.6979 0002068 274.4330 227.5779  1.00271622 76187
DIRECTV 8               
1 28659U 05019A   26019.91401027  .00000015  00000+0  00000+0 0  9991
2 28659   0.0180  52.3671 0002913 256.0196  20.9056  1.00272241 75585
GALAXY 28 (G-28)        
1 28702U 05022A   26019.92727034 -.00000260  00000+0  00000+0 0  9997
2 28702   2.9174  80.8258 0002473 195.0836 124.7056  1.00590757 50489
THAICOM 4               
1 28786U 05028A   26019.67599536 -.00000348  00000+0  00000+0 0  9998
2 28786   0.0177  75.9013 0001709 221.9821 184.0232  1.00272772 50761
ANIK F1R                
1 28868U 05036A   26019.70234221 -.00000063  00000+0  00000+0 0  9993
2 28868   3.9319  78.4657 0001457 241.6384 304.4976  1.00271717 44963
SYRACUSE 3A             
1 28885U 05041B   26019.87542914  .00000143  00000+0  00000+0 0  9995
2 28885   4.2646  77.7075 0003421 228.4013 174.4885  1.00269881 74269
INMARSAT 4-F2           
1 28899U 05044A   26019.46678073 -.00000248  00000+0  00000+0 0  9991
2 28899   4.8973  43.7693 0002070 267.4032 119.2099  1.00270657 74037
METEOSAT-9 (MSG-2)      
1 28912U 05049B   26018.73411382  .00000136  00000+0  00000+0 0  9994
2 28912   9.0214  55.6246 0001633 190.5496 181.9016  1.00267317  5508
EUTELSAT 174A           
1 28924U 05052A   26019.90075018  .00000021  00000+0  00000+0 0  9996
2 28924   3.8415  78.3979 0006272 223.1420 316.0064  1.00269727 50843
ECHOSTAR 10             
1 28935U 06003A   26019.70182221 -.00000041  00000+0  00000+0 0  9991
2 28935   0.0387 291.6010 0002333 332.8433 357.1153  1.00271912 72976
SPAINSAT                
1 28945U 06007A   26019.75279116 -.00000203  00000+0  00000+0 0  9991
2 28945   0.1785  91.2268 0004364 198.9136  69.7960  1.00272573 72725
JCSAT-5A                
1 29045U 06010A   26019.96375722 -.00000314  00000+0  00000+0 0  9993
2 29045   0.7238  86.2973 0000934 308.3552 203.6821  1.00268204 72283
ASTRA 1KR               
1 29055U 06012A   26019.94139708  .00000133  00000+0  00000+0 0  9994
2 29055   0.0905  75.5562 0005060 191.7123 209.9100  1.00273869 44210
GALAXY 16 (G-16)        
1 29236U 06023A   26019.91799696 -.00000113  00000+0  00000+0 0  9991
2 29236   0.0430 226.8785 0002845  84.2592  39.6259  1.00273763 71481
EUTELSAT 33F            
1 29270U 06032A   26019.94417043  .00000169  00000+0  00000+0 0  9995
2 29270   1.2778  84.0226 0003475 223.1076 185.2010  1.00275004 45824
JCSAT-3A                
1 29272U 06033A   26019.96297722 -.00000330  00000+0  00000+0 0  9991
2 29272   0.0545 258.2098 0001953  69.5618 266.2421  1.00272756 46255
SYRACUSE 3B             
1 29273U 06033B   26019.93827706  .00000034  00000+0  00000+0 0  9990
2 29273   2.5175  81.9857 0003945 219.5453 158.8619  1.00272529 71197
KOREASAT 5 (MUGUNGWHA 5)
1 29349U 06034A   26019.96003053 -.00000345  00000+0  00000+0 0  9995
2 29349   1.3998  85.0032 0002120 248.8370 244.1723  1.00270896 39833
DIRECTV 9S              
1 29494U 06043A   26019.91756361 -.00000100  00000+0  00000+0 0  9997
2 29494   2.0370  82.7868 0003248 231.6982  33.9202  1.00271312 49895
OPTUS D1                
1 29495U 06043B   26019.89641682 -.00000171  00000+0  00000+0 0  9992
2 29495   2.6517  81.5549 0003435 225.0396 287.3985  1.00271392 70639
BADR-4                  
1 29526U 06051A   26019.94278376  .00000158  00000+0  00000+0 0  9992
2 29526   1.6212  82.8240 0007735 231.6650 170.4663  1.00270133 49789
WILDBLUE-1              
1 29643U 06054A   26019.63032176 -.00000036  00000+0  00000+0 0  9993
2 29643   2.4187  82.4396 0001382 226.0341 286.2550  1.00271733 52304
SKYNET 5A               
1 30794U 07007B   26019.67114200 -.00000260  00000+0  00000+0 0  9993
2 30794   4.9236  75.5668 0003919 232.4572 147.8098  1.00272847 69219
ANIK F3                 
1 31102U 07009A   26019.91409693  .00000013  00000+0  00000+0 0  9994
2 31102   0.8134  85.8267 0002579 221.5164  22.3121  1.00272272 45075
ASTRA 1L                
1 31306U 07016A   26019.93645705 -.00000070  00000+0  00000+0 0  9990
2 31306   0.9374  82.7264 0002044 229.1413 138.7433  1.00078147 43508
GALAXY 17 (G-17)        
1 31307U 07016B   26019.92077030 -.00000194  00000+0  00000+0 0  9997
2 31307   2.5947  81.8338 0004924 196.7465  87.2094  1.00272167 68315
ZHONGXING-6B            
1 31800U 07031A   26019.91219025  .00000088  00000+0  00000+0 0  9994
2 31800   2.0553  81.0601 0010279 227.5086  10.9870  0.99059026 67923
DIRECTV 10              
1 31862U 07032A   26019.91721694 -.00000089  00000+0  00000+0 0  9995
2 31862   0.0294 119.1339 0000157  79.1095 148.4612  1.00272448 44101
INTELSAT 11 (IS-11)     
1 32253U 07044B   26019.94902380  .00000098  00000+0  00000+0 0  9998
2 32253   3.1779  80.5339 0007549 184.0141 254.0837  0.99047322 66980
WGS F1 (USA 195)        
1 32258U 07046A   26019.50127428 -.00000253  00000+0  00000+0 0  9993
2 32258   0.1120  85.9837 0000020 319.9077 210.9325  1.00266289 50847
SKYNET 5B               
1 32294U 07056B   26019.87126912  .00000151  00000+0  00000+0 0  9997
2 32294   4.8745  75.2998 0004033 228.3710 154.3111  1.00269557 66714
ASTRA 4A                
1 32299U 07057A   26019.93853706  .00000047  00000+0  00000+0 0  9992
2 32299   0.0545 268.5715 0002415  28.2307 165.2050  1.00273190 50163
HORIZONS-2              
1 32388U 07063B   26019.92302365 -.00000240  00000+0  00000+0 0  9993
2 32388   2.2187  82.5287 0004262 215.2211  80.0408  1.00270501 66329
THURAYA-3               
1 32404U 08001A   26019.95717052 -.00000289  00000+0  00000+0 0  9994
2 32404   5.7363  35.5100 0002251 262.6198 264.2914  1.00271203 66003
THOR 5                  
1 32487U 08006A   26019.93749706  .00000000  00000+0  00000+0 0  9999
2 32487   0.0209 260.7696 0002438  49.1620 146.1610  1.00271885 65835
AMC-14                  
1 32708U 08011A   26019.65892193  .00000121  00000+0  00000+0 0  9993
2 32708  23.8278  22.3088 0044357 351.0918  16.8504  1.00302914 66685
DIRECTV 11              
1 32729U 08013A   26019.91799696 -.00000111  00000+0  00000+0 0  9991
2 32729   0.0053 272.3738 0000498 141.7749 296.4459  1.00270951 44102
ICO G1                  
1 32763U 08016A   26019.63387512 -.00000159  00000+0  00000+0 0  9993
2 32763   5.5151  36.5362 0002848 246.3053 331.5017  1.00269528 65059
VINASAT-1               
1 32767U 08018A   26019.96375722 -.00000314  00000+0  00000+0 0  9998
2 32767   0.0534 261.0726 0001688  74.6140 262.5613  1.00272542 65108
STAR ONE C2             
1 32768U 08018B   26019.92475699 -.00000263  00000+0  00000+0 0  9992
2 32768   0.8601  83.8770 0002813 231.2775  72.0493  1.00273240 65169
AMOS-3                  
1 32794U 08022A   26019.93680373 -.00000021  00000+0  00000+0 0  9996
2 32794   0.0714  91.0228 0003023 162.0556 199.3557  1.00271890 80852
GALAXY 18 (G-18)        
1 32951U 08024A   26019.91323025  .00000039  00000+0  00000+0 0  9997
2 32951   0.0123 347.1192 0002877 318.5286  19.3862  1.00272356 44364
ZHONGXING-9             
1 33051U 08028A   26019.95587051 -.00000235  00000+0  00000+0 0  9997
2 33051   0.3892  87.8772 0009691 208.0372 259.9474  1.00273307 64555
SKYNET 5C               
1 33055U 08030A   26019.93411704 -.00000128  00000+0  00000+0 0  9994
2 33055   3.4081  78.8388 0004318 233.9493 124.9809  1.00271154 64469
TURKSAT 3A              
1 33056U 08030B   26019.80330950  .00000160  00000+0  00000+0 0  9999
2 33056   0.0409  78.1566 0002980 237.6398 134.5628  1.00273317 50875
INTELSAT 25 (IS-25)     
1 33153U 08034A   26019.93134369 -.00000211  00000+0  00000+0 0  9999
2 33153   2.3243  82.2079 0004579 209.2330 131.6671  1.00271529 64207
ECHOSTAR 11             
1 33207U 08035A   26019.91583028 -.00000043  00000+0  00000+0 0  9991
2 33207   0.6202  86.1050 0002305 210.8353  42.0675  1.00270967 49727
SUPERBIRD-C2            
1 33274U 08038A   26019.96453723 -.00000293  00000+0  00000+0 0  9998
2 33274   1.9777  83.2144 0001599 126.1358  33.2594  1.00270349104247
AMC-21                  
1 33275U 08038B   26019.74402913 -.00000092  00000+0  00000+0 0  9997
2 33275   2.5642  81.9109 0004916 301.0922 106.9197  0.99083328 64001
INMARSAT 4-F3           
1 33278U 08039A   26019.91825696 -.00000127  00000+0  00000+0 0  9996
2 33278   4.1663  30.9996 0002925 272.4208  48.4402  1.00271087 45056
NIMIQ 4                 
1 33373U 08044A   26019.92137697 -.00000206  00000+0  00000+0 0  9994
2 33373   0.0242  66.2763 0002263 255.5047  47.1898  1.00270094 63492
GALAXY 19 (G-19)        
1 33376U 08045A   26019.91843029 -.00000125  00000+0  00000+0 0  9990
2 33376   0.0613 255.0111 0003070  58.5588  39.3610  1.00272727 63412
ASTRA 1M                
1 33436U 08057A   26019.94139708  .00000134  00000+0  00000+0 0  9994
2 33436   0.0147  20.7551 0001247 194.9099 261.7462  1.00270160 44258
EUTELSAT HOTBIRD 13C    
1 33459U 08065A   26019.92761700 -.00000270  00000+0  00000+0 0  9991
2 33459   2.5682  81.0013 0003070 228.2444  93.6751  1.00269308 45850
EXPRESS-AM44            
1 33595U 09007A   26019.93541705 -.00000077  00000+0  00000+0 0  9996
2 33595   3.0815  80.2635 0004290 216.5479 148.2443  1.00272012 50801
NSS-9                   
1 33749U 09008A   26019.83122889  .00000085  00000+0  00000+0 0  9993
2 33749   0.8767  84.1655 0001943 209.4513 307.9070  1.00270535 62036
TELSTAR 11N             
1 34111U 09009A   26019.93021701 -.00000237  00000+0  00000+0 0  9990
2 34111   0.0164  78.9332 0002366 215.0262 122.6758  1.00269206 44757
WGS F2 (USA 204)        
1 34713U 09017A   26019.73501574  .00000082  00000+0  00000+0 0  9993
2 34713   0.0169  62.1549 0000244 340.1948  38.8724  1.00271592 44122
SES-7 (PROTOSTAR 2)     
1 34941U 09027A   26019.95907720 -.00000331  00000+0  00000+0 0  9992
2 34941   0.0236  65.7205 0001998 232.7562 274.3699  1.00270337 61148
MEASAT-3A               
1 35362U 09032A   26019.89797683 -.00000096  00000+0  00000+0 0  9992
2 35362   0.0271 342.9290 0003331 329.9875 289.6352  1.00272064  6545
GOES 14                 
1 35491U 09033A   26019.69722884  .00000109  00000+0  00000+0 0  9999
2 35491   1.3007  84.9794 0001028 256.0885 255.6614  1.00103940  5104
FM-5                    
1 35493U 09034A   26019.92051030 -.00000186  00000+0  00000+0 0  9992
2 35493   0.0430 254.8885 0000862 278.4405 191.2070  1.00271961 45151
TERRESTAR-1             
1 35496U 09035A   26019.70164888 -.00000044  00000+0  00000+0 0  9991
2 35496   5.0640  48.8481 0002733 261.5484 310.2679  1.00271016 60644
ASIASAT 5               
1 35696U 09042A   26019.95751719 -.00000292  00000+0  00000+0 0  9998
2 35696   0.0658 259.6899 0001581  32.0472 272.7870  1.00268776 60221
JCSAT-12 (JCSAT-RA)     
1 35755U 09044A   26019.96375722 -.00000313  00000+0  00000+0 0  9997
2 35755   0.0325 284.2544 0001598   8.2654 305.8230  1.00273736 60123
OPTUS D3                
1 35756U 09044B   26019.89719683 -.00000131  00000+0  00000+0 0  9996
2 35756   0.8822 269.8755 0003422  29.9039 298.5998  1.00271958 60079
NIMIQ 5                 
1 35873U 09050A   26019.39785608  .00000000  00000+0  00000+0 0  9992
2 35873   0.0259  69.0050 0002469 237.8449 242.4679  1.00267532 59859
AMAZONAS 2              
1 35942U 09054A   26019.92553699 -.00000269  00000+0  00000+0 0  9993
2 35942   1.4296  85.1321 0003521 218.7234  87.8520  1.00271869 59698
COMSATBW-1              
1 35943U 09054B   26019.95006381  .00000038  00000+0  00000+0 0  9991
2 35943   0.0398  83.7379 0003259 232.4946 208.1243  1.00273133 59826
NSS-12                  
1 36032U 09058A   26019.94893713  .00000086  00000+0  00000+0 0  9990
2 36032   0.0837 280.5511 0004836   8.1485 229.2490  1.00271045 59432
THOR 6                  
1 36033U 09058B   26019.93741039  .00000004  00000+0  00000+0 0  9993
2 36033   0.0208 101.0072 0002247 235.1652 119.7561  1.00271982 59528
INTELSAT 14 (IS-14)     
1 36097U 09064A   26019.92865701 -.00000259  00000+0  00000+0 0  9995
2 36097   0.0173  42.6007 0002592 273.2920  92.7222  1.00270745 59116
EUTELSAT 36B            
1 36101U 09065A   26019.94763712  .00000126  00000+0  00000+0 0  9995
2 36101   0.1162  69.1588 0005769 233.4075 208.3969  1.00270549 59224
INTELSAT 15 (IS-15)     
1 36106U 09067A   26019.95448383 -.00000170  00000+0  00000+0 0  9997
2 36106   0.0199 312.8506 0002277  11.1321 224.1157  1.00268264 39743
WGS F3 (USA 211)        
1 36108U 09068A   26019.95535051 -.00000303  00000+0  00000+0 0  9997
2 36108   0.2409  86.8144 0000220 339.7074 126.3371  1.00970074 45104
DIRECTV 12              
1 36131U 09075A   26019.63196843  .00000000  00000+0  00000+0 0  9991
2 36131   0.0132  94.3351 0000872 304.2418 205.2562  1.00276929 45069
BEIDOU-2 G1             
1 36287U 10001A   26019.96540390 -.00000267  00000+0  00000+0 0  9996
2 36287   3.9450  60.7815 0004325 263.9780 282.5897  1.00274451 58687
SDO                     
1 36395U 10005A   26019.21061659 -.00000078  00000+0  00000+0 0  9994
2 36395  34.3365  88.6132 0001289 141.4439 221.9903  1.00277378 58572
INTELSAT 16 (IS-16)     
1 36397U 10006A   26019.92250365 -.00000230  00000+0  00000+0 0  9999
2 36397   0.0167 330.4842 0001851 329.4840  75.2303  1.00270705 58165
EWS-G2 (GOES 15)        
1 36411U 10008A   26019.87846250  .00000051  00000+0  00000+0 0  9996
2 36411   0.9047  85.9194 0005107 191.1514 219.8526  1.00274176 58158
ECHOSTAR 14             
1 36499U 10010A   26019.91409693  .00000000  00000+0  00000+0 0  9990
2 36499   0.0216  67.8410 0002051 227.4926  34.1570  1.00270687 45064
SES-1                   
1 36516U 10016A   26019.91756361 -.00000100  00000+0  00000+0 0  9995
2 36516   0.0477 266.6421 0002383  38.9318  43.0434  1.00272017 57545
ASTRA 3B                
1 36581U 10021A   26019.94226375  .00000150  00000+0  00000+0 0  9997
2 36581   1.0860  85.5724 0002269 227.8236 168.6198  1.00272269 57381
COMSATBW-2              
1 36582U 10021B   26019.94018374  .00000102  00000+0  00000+0 0  9993
2 36582   0.0706 148.6378 0002519 163.9703 158.3371  1.00271458 57471
BEIDOU-2 G3             
1 36590U 10024A   26019.73943576 -.00000122  00000+0  00000+0 0  9996
2 36590   4.1624  62.0883 0006448 312.7960  89.9878  1.00269745 57284
BADR-5                  
1 36592U 10025A   26019.94278376  .00000159  00000+0  00000+0 0  9990
2 36592   0.0663 106.2153 0001312 146.4096 232.0592  1.00272766 51737
COMS 1                  
1 36744U 10032A   26019.96297722 -.00000332  00000+0  00000+0 0  9999
2 36744   4.4296  77.5258 0000889 238.4150 278.2607  1.00271503 49603
ARABSAT-5A              
1 36745U 10032B   26019.94365043  .00000168  00000+0  00000+0 0  9996
2 36745   0.0659  48.0839 0002028 273.5391 167.8793  1.00270070 57168
ECHOSTAR 15             
1 36792U 10034A   26019.91409693  .00000014  00000+0  00000+0 0  9997
2 36792   0.0195  46.7838 0002529 222.1712  60.6102  1.00270850 56835
BEIDOU-2 IGSO-1         
1 36828U 10036A   26019.81656958 -.00000109  00000+0  00000+0 0  9992
2 36828  54.2925 164.3039 0052622 216.6774 139.6483  1.00265349 56603
NILESAT 201             
1 36830U 10037A   26019.65094855 -.00000043  00000+0  00000+0 0  9997
2 36830   0.0461 216.5416 0003834  78.0872  51.7437  1.00272439 56879
RASCOM-QAF 1R           
1 36831U 10037B   26019.93819039  .00000032  00000+0  00000+0 0  9995
2 36831   0.0255  93.1995 0007110 202.1104 164.6312  1.00270946 56823
AEHF-1 (USA 214)        
1 36868U 10039A   26019.80088281  .00000158  00000+0  00000+0 0  9999
2 36868   7.8541  69.9767 0004481 225.5440 141.9079  1.00271059 52172
XM-5                    
1 37185U 10053A   26019.91479027 -.00000009  00000+0  00000+0 0  9998
2 37185   0.0687 262.9550 0002885 255.2063 175.2595  1.00270917 55991
BSAT-3B                 
1 37207U 10056B   26019.95933720 -.00000336  00000+0  00000+0 0  9998
2 37207   0.0734 243.8054 0003221  36.2658 294.4658  1.00272120 50614
BEIDOU-2 G4             
1 37210U 10057A   26019.82663552 -.00000100  00000+0  00000+0 0  9991
2 37210   3.2773  69.7914 0009999 201.5378 305.4744  1.00270801 55809
SKYTERRA 1              
1 37218U 10061A   26019.70346889 -.00000105  00000+0  00000+0 0  9997
2 37218   4.8073  50.9297 0002968 209.4004  10.6761  1.00271455 55704
HYLAS 1                 
1 37237U 10065A   26019.49763426 -.00000271  00000+0  00000+0 0  9992
2 37237   5.2651  74.8749 0001100 319.6228 202.7159  1.00659230  5394
INTELSAT 17 (IS-17)     
1 37238U 10065B   26019.95067047  .00000013  00000+0  00000+0 0  9993
2 37238   0.0062 114.4413 0002590 198.4457 214.6688  1.00270985 51761
BEIDOU-2 IGSO-2         
1 37256U 10068A   26019.60529178 -.00000159  00000+0  00000+0 0  9998
2 37256  47.8132 273.6789 0047630 215.3353 316.2727  1.00274060 55305
EUTELSAT KA-SAT 9A      
1 37258U 10069A   26019.36876014  .00000076  00000+0  00000+0 0  9995
2 37258   0.0507 343.8161 0002101 185.8256  90.8503  1.00271212 42517
HISPASAT 30W-5          
1 37264U 10070A   26019.93169036 -.00000202  00000+0  00000+0 0  9998
2 37264   0.0343 106.7154 0002445 205.7369 112.2347  1.00270080 51694
KOREASAT 6              
1 37265U 10070B   26019.89797683 -.00000097  00000+0  00000+0 0  9991
2 37265   0.0192  78.9516 0001817 233.9001 289.5726  1.00271740 55289
BEIDOU-2 IGSO-3         
1 37384U 11013A   26019.87989772 -.00000136  00000+0  00000+0 0  9995
2 37384  62.1960  41.5506 0033979 189.6426 310.9652  1.00261466 54178
INTELSAT 28 (IS-28)     
1 37392U 11016A   26019.36070009 -.00000212  00000+0  00000+0 0  9990
2 37392   1.4202  84.6239 0003722 213.8634 278.4012  1.00270061 51791
YAHSAT 1A               
1 37393U 11016B   26019.94798379  .00000000  00000+0  00000+0 0  9996
2 37393   0.0239  80.8514 0002546 227.3976 204.8634  1.00269694 40929
SBIRS GEO-1 (USA 230)   
1 37481U 11019A   26019.80521617  .00000113  00000+0  00000+0 0  9996
2 37481   4.2103  53.0533 0002316 247.7159 160.0862  1.00272029 53915
TELSTAR 14R             
1 37602U 11021A   26019.92510366  .00000000  00000+0  00000+0 0  9991
2 37602   0.0146  56.6582 0002092 269.5960  63.1037  1.00267835 54341
GSAT-8                  
1 37605U 11022A   26019.94850380  .00000098  00000+0  00000+0 0  9997
2 37605   1.7468  83.7618 0008567 197.2091 234.8748  1.00271737 51737
ST-2                    
1 37606U 11022B   26019.95509050 -.00000196  00000+0  00000+0 0  9994
2 37606   0.0103 350.4993 0001711 334.3234 226.3510  1.00265009 53799
ZHONGXING-10            
1 37677U 11026A   26019.95457050 -.00000176  00000+0  00000+0 0  9996
2 37677   0.6628  86.1760 0002653 210.7836 251.6465  1.00272718 53516
SES-3                   
1 37748U 11035A   26019.91721694 -.00000088  00000+0  00000+0 0  9991
2 37748   0.9423  84.8634 0003092 228.7397  32.8740  1.00270953 53104
KAZSAT-2                
1 37749U 11035B   26019.81214955 -.00000183  00000+0  00000+0 0  9994
2 37749   0.0344 188.4769 0001615 187.6464 121.9310  1.00269599 51919
BEIDOU-2 IGSO-4         
1 37763U 11038A   26018.90615102 -.00000010  00000+0  00000+0 0  9990
2 37763  54.5898 167.0156 0151392 230.3120 142.2273  1.00274624 53156
ASTRA 1N                
1 37775U 11041A   26019.94139708  .00000134  00000+0  00000+0 0  9991
2 37775   0.0567 355.7469 0002127 359.0413 122.6404  1.00274148 43042
BSAT-3C (JCSAT-110R)    
1 37776U 11041B   26019.95942387 -.00000336  00000+0  00000+0 0  9993
2 37776   0.0363 296.7755 0000130 161.3806 116.5276  1.00272275 48987
PAKSAT-1R               
1 37779U 11042A   26019.94512377  .00000168  00000+0  00000+0 0  9990
2 37779   0.3034  86.1465 0001152 283.2815 128.0844  1.00270492 52990
SES-2                   
1 37809U 11049A   26019.92042363 -.00000182  00000+0  00000+0 0  9999
2 37809   0.0098  13.2722 0002697 288.8110  61.5684  1.00271403 52471
ARABSAT-5C              
1 37810U 11049B   26019.94157042  .00000138  00000+0  00000+0 0  9994
2 37810   0.0482 357.4206 0002705 283.7488 197.1108  1.00273070 52550
EUTELSAT 7 WEST A       
1 37816U 11051A   26019.93619705 -.00000046  00000+0  00000+0 0  9990
2 37816   0.0626  12.1700 0003883 228.6247 208.2380  1.00271750 52390
QUETZSAT 1              
1 37826U 11054A   26019.92233031 -.00000227  00000+0  00000+0 0  9998
2 37826   0.0521 264.7955 0002938  58.7862  50.7518  1.00271378 48380
INTELSAT 18 (IS-18)     
1 37834U 11056A   26019.83062221  .00000000  00000+0  00000+0 0  9998
2 37834   0.0160  60.7745 0001797 250.4485 287.0280  1.00269577 52321
EUTELSAT 16A            
1 37836U 11057A   26019.94079042  .00000118  00000+0  00000+0 0  9992
2 37836   0.0541   3.4436 0005282 295.7920 174.7481  1.00270339  5844
VIASAT-1                
1 37843U 11059A   26019.91479027  .00000000  00000+0  00000+0 0  9996
2 37843   0.0199  68.3638 0002105 235.7064  29.4458  1.00269115 45832
ASIASAT 7               
1 37933U 11069A   26019.95847052  .00000000  00000+0  00000+0 0  9998
2 37933   0.0183 260.4078 0001051  19.1023 290.3630  1.00267833 43379
BEIDOU-2 IGSO-5         
1 37948U 11073A   26019.67088200 -.00000101  00000+0  00000+0 0  9993
2 37948  47.9476 273.3886 0108843 221.8471 320.0256  1.00282842 51647
LUCH-5A                 
1 37951U 11074B   26019.47137409 -.00000040  00000+0  00000+0 0  9994
2 37951   8.3738  76.0230 0004815 210.8129 168.5899  1.00271430 51566
NIGCOMSAT 1R            
1 38014U 11077A   26019.94599044  .00000000  00000+0  00000+0 0  9992
2 38014   0.0132 205.5103 0002103  95.7214 201.1392  1.00271834 51475
WGS F4 (USA 233)        
1 38070U 12003A   26019.81249621 -.00000200  00000+0  00000+0 0  9996
2 38070   0.0157  77.8605 0000860 245.3013 176.9049  1.00269858 42661
SES-4                   
1 38087U 12007A   26019.93325037 -.00000154  00000+0  00000+0 0  9995
2 38087   0.0228  38.0775 0002364 259.5035 135.6874  1.00270054 50732
BEIDOU-2 G5             
1 38091U 12008A   26019.94928380  .00000070  00000+0  00000+0 0  9998
2 38091   3.2027  70.5612 0013894 240.1927 209.0542  1.00269286 50885
MUOS-1                  
1 38093U 12009A   26019.63240177 -.00000115  00000+0  00000+0 0  9999
2 38093   5.1721  47.2056 0053500 356.7042 202.7761  1.00272767 50951
INTELSAT 22 (IS-22)     
1 38098U 12011A   26019.95188382 -.00000044  00000+0  00000+0 0  9992
2 38098   0.0013 318.8674 0001653 339.6874 235.5378  1.00271396  5700
APSTAR-7                
1 38107U 12013A   26019.38219355 -.00000087  00000+0  00000+0 0  9994
2 38107   0.0345  95.4166 0002447 215.4157  22.0224  1.00272023 50314
YAHSAT 1B               
1 38245U 12016A   26019.94703045  .00000141  00000+0  00000+0 0  9996
2 38245   0.0600  90.7253 0003105 222.1226 195.0130  1.00270605 44123
AEHF-2 (USA 235)        
1 38254U 12019A   26019.93437704 -.00000123  00000+0  00000+0 0  9995
2 38254   6.3071  58.5745 0003668 235.8153 144.8375  1.00272330  5505
JCSAT-13                
1 38331U 12023A   26019.96219721 -.00000342  00000+0  00000+0 0  9999
2 38331   0.0192  43.8223 0001761 251.2976 294.6261  1.00272079 50059
VINASAT-2               
1 38332U 12023B   26019.96375722 -.00000315  00000+0  00000+0 0  9994
2 38332   0.0110  10.6789 0002551 305.9080 281.5469  1.00270675 45172
NIMIQ 6                 
1 38342U 12026A   26019.91955696 -.00000160  00000+0  00000+0 0  9995
2 38342   0.0123  56.1368 0002587 244.4922  58.6142  1.00271842 48920
ZHONGXING-2A            
1 38352U 12028A   26019.95708385 -.00000279  00000+0  00000+0 0  9994
2 38352   1.0701  86.0427 0002153 209.3214 266.7497  1.00269329 49816
INTELSAT 19 (IS-19)     
1 38356U 12030A   26019.89919017  .00000000  00000+0  00000+0 0  9991
2 38356   0.0203  68.7181 0003016 239.9183 300.3695  1.00269900 48968
ECHOSTAR 17             
1 38551U 12035A   26019.91643694 -.00000061  00000+0  00000+0 0  9999
2 38551   0.0181  52.1874 0001987 240.5583  49.3631  1.00271463 49578
METEOSAT-10 (MSG-3)     
1 38552U 12035B   26019.93758373  .00000005  00000+0  00000+0 0  9990
2 38552   4.3168  61.6144 0001852 281.7373 113.5328  1.00271483 49378
SES-5                   
1 38652U 12036A   26019.29665303  .00000048  00000+0  00000+0 0  9998
2 38652   0.0624 297.0179 0001880   2.3124 291.1270  1.00272774 42965
INTELSAT 20 (IS-20)     
1 38740U 12043A   26019.45187398 -.00000010  00000+0  00000+0 0  9995
2 38740   0.0224  85.4454 0001602  79.5885 184.9556  1.00271863 49259
HYLAS 2                 
1 38741U 12043B   26019.92328365 -.00000244  00000+0  00000+0 0  9998
2 38741   2.0435  82.9676 0002630 231.6742  64.4736  1.00271008 49285
INTELSAT 21 (IS-21)     
1 38749U 12045A   26019.92614367  .00000000  00000+0  00000+0 0  9997
2 38749   0.0198  65.3705 0001602 243.7693  85.5992  1.00267842 49034
ASTRA 2F                
1 38778U 12051A   26019.87187579  .00000164  00000+0  00000+0 0  9991
2 38778   0.0726 252.9497 0002991   9.9330 198.4254  1.00272778 39653
GSAT-10                 
1 38779U 12051B   26019.95405050 -.00000150  00000+0  00000+0 0  9994
2 38779   0.0841 265.5562 0002241 197.6742  82.5512  1.00270764 48614
INTELSAT 23 (IS-23)     
1 38867U 12057A   26019.92709700 -.00000270  00000+0  00000+0 0  9997
2 38867   0.0066 290.5290 0001202  16.8667  92.6601  1.00278265 48469
BEIDOU-2 G6             
1 38953U 12059A   26019.74030244 -.00000163  00000+0  00000+0 0  9996
2 38953   4.0442  75.1312 0009339 295.9874  98.5253  1.00270712 48421
LUCH-5B                 
1 38977U 12061A   26019.86303574 -.00000126  00000+0  00000+0 0  9996
2 38977  10.1620  51.3377 0005697 207.9596 154.3613  1.00272169 48123
YAMAL 300K              
1 38978U 12061B   26019.83122889  .00000085  00000+0  00000+0 0  9995
2 38978   0.0256  57.8433 0000320 314.4440 229.1290  1.00272357 48144
STAR ONE C3             
1 38991U 12062A   26019.92276365 -.00000235  00000+0  00000+0 0  9998
2 38991   0.0143 350.6290 0002039 325.2480  60.6043  1.00269188 48278
EUTELSAT 21B            
1 38992U 12062B   26019.94191708  .00000144  00000+0  00000+0 0  9996
2 38992   0.0653   4.1534 0002984 294.5119 181.3216  1.00270231 48345
ECHOSTAR 16             
1 39008U 12065A   26019.56878804 -.00000267  00000+0  00000+0 0  9992
2 39008   0.0173  59.5323 0002054 233.0014 329.6781  1.00270136 48147
ZHONGXING-12            
1 39017U 12067A   26019.95491716 -.00000192  00000+0  00000+0 0  9997
2 39017   0.0440  94.1203 0003289 208.4285 248.0426  1.00270859 48022
EUTELSAT 70B            
1 39020U 12069A   26019.95153714 -.00000029  00000+0  00000+0 0  9995
2 39020   0.0628 350.6192 0003542 282.0505 259.6965  1.00271498 48022
YAMAL 402               
1 39022U 12070A   26019.94850380  .00000100  00000+0  00000+0 0  9990
2 39022   0.8834  86.2924 0003986 215.6727 213.7153  1.00271568 47911
SKYNET 5D               
1 39034U 12075A   26019.94807045  .00000113  00000+0  00000+0 0  9992
2 39034   0.0723  14.0944 0003758 287.0790 212.1910  1.00273564 47679
MEXSAT 3                
1 39035U 12075B   26019.91487693 -.00000012  00000+0  00000+0 0  9992
2 39035   0.0185 100.2972 0001496 144.8222  88.7455  1.00275277  5564
TDRS 11                 
1 39070U 13004A   26019.90309020  .00000093  00000+0  00000+0 0  9998
2 39070   3.3066  28.5059 0002771 336.6404 264.8511  1.00275349 45200
AMAZONAS 3              
1 39078U 13006A   26019.85419569 -.00000268  00000+0  00000+0 0  9997
2 39078   0.0496 230.2743 0004013  43.6499  91.8015  1.00269449 43424
AZERSPACE 1             
1 39079U 13006B   26019.80408950  .00000147  00000+0  00000+0 0  9990
2 39079   0.0205 308.8307 0001976  24.7259 121.0858  1.00273135 47321
SBIRS GEO-2 (USA 241)   
1 39120U 13011A   26019.92779034 -.00000274  00000+0  00000+0 0  9992
2 39120   4.1684  52.3186 0002374 247.1840 103.9981  1.00271333 47043
EUTELSAT 117 WEST A     
1 39122U 13012A   26019.91444360  .00000001  00000+0  00000+0 0  9992
2 39122   0.0108 357.1940 0002835 311.4157  23.0763  1.00272381 46945
ANIK G1                 
1 39127U 13014A   26019.91635028 -.00000060  00000+0  00000+0 0  9998
2 39127   0.0181  51.0832 0003210 238.2354  52.5566  1.00271293 46763
ZHONGXING-11            
1 39157U 13020A   26019.95699719 -.00000276  00000+0  00000+0 0  9998
2 39157   0.0196  47.7829 0002604 245.6493 268.3335  1.00273073 46413
EUTELSAT 7B             
1 39163U 13022A   26019.93897041  .00000062  00000+0  00000+0 0  9995
2 39163   0.0665 351.8966 0005433 341.4817 130.9554  1.00271342 46469
WGS F5 (USA 243)        
1 39168U 13024A   26019.71326228 -.00000270  00000+0  00000+0 0  9994
2 39168   0.0170  75.2402 0000388 356.1370 251.9837  1.00270573 45684
SES-6                   
1 39172U 13026A   26019.92961035 -.00000247  00000+0  00000+0 0  9999
2 39172   0.0588 277.3865 0002329  22.3347 113.7442  1.00271816 46233
IRNSS-1A                
1 39199U 13034A   26016.19955806  .00000064  00000+0  00000+0 0  9998
2 39199  35.3835  66.0531 0021026 207.1773 329.4329  1.00280803 45844
MUOS-2                  
1 39206U 13036A   26019.90040352  .00000000  00000+0  00000+0 0  9992
2 39206   4.6998  45.2273 0052834 182.1624  28.0222  1.00269902 45708
ALPHASAT                
1 39215U 13038A   26019.94252375  .00000148  00000+0  00000+0 0  9991
2 39215   2.9718   2.5176 0001916 304.3642 176.6228  1.00272299 42537
INSAT-3D                
1 39216U 13038B   26019.96323722 -.00000326  00000+0  00000+0 0  9998
2 39216   1.5421  84.5433 0001721 168.4670 342.5575  1.00267095 45590
WGS F6 (USA 244)        
1 39222U 13041A   26019.69688218  .00000103  00000+0  00000+0 0  9995
2 39222   0.0170  58.8065 0000173  11.4975 164.4691  1.00270523 44579
ES'HAIL 1               
1 39233U 13044A   26019.94269710  .00000157  00000+0  00000+0 0  9999
2 39233   0.0476   7.7648 0002159 295.0083 181.4096  1.00271447 45144
GSAT-7                  
1 39234U 13044B   26019.95223049 -.00000063  00000+0  00000+0 0  9993
2 39234   0.0765  90.2089 0007314 188.9734 256.9466  1.00272003 43778
AMOS-4                  
1 39237U 13045A   26019.95049714  .00000022  00000+0  00000+0 0  9996
2 39237   0.0306 242.3414 0002869  73.9481 210.1911  1.00271070 45475
AEHF-3 (USA 246)        
1 39256U 13050A   26019.69896219  .00000042  00000+0  00000+0 0  9996
2 39256   4.9264  68.5585 0094123 186.2539 351.6308  1.00270409 44166
ASTRA 2E                
1 39285U 13056A   26019.94321709  .00000164  00000+0  00000+0 0  9994
2 39285   0.0659  34.0560 0002674 271.8813 181.4147  1.00269790 44936
FM-6                    
1 39360U 13058A   26019.70060887 -.00000002  00000+0  00000+0 0  9993
2 39360   0.0271  88.7190 0002751  92.2738  74.1071  1.00267477 44587
RADUGA-1M 3             
1 39375U 13062A   26019.87317580  .00000165  00000+0  00000+0 0  9996
2 39375   5.5859  74.2295 0001047   4.3328  30.0169  1.00272267 44624
SES-8                   
1 39460U 13071A   26019.67114200 -.00000255  00000+0  00000+0 0  9994
2 39460   0.0520 259.1087 0000793  66.6450 129.9180  1.00271868 42952
INMARSAT 5-F1           
1 39476U 13073A   26019.95006381  .00000042  00000+0  00000+0 0  9997
2 39476   0.0185  48.5237 0000146 282.2551 193.1797  1.00274001 44099
TKSAT-1 (TUPAC KATARI)  
1 39481U 13075A   26019.92033697 -.00000181  00000+0  00000+0 0  9997
2 39481   0.0135 134.4569 0002623 165.4907  63.4818  1.00271132 44110
EXPRESS-AM5             
1 39487U 13077A   26019.96531723 -.00000266  00000+0  00000+0 0  9996
2 39487   0.0186  46.0536 0002047 274.2847 286.5473  1.00272952 44875
GSAT-14                 
1 39498U 14001A   26019.95223049 -.00000062  00000+0  00000+0 0  9998
2 39498   0.0758 257.4969 0004954  32.1158 246.5025  1.00270453 43899
THAICOM 6               
1 39500U 14002A   26019.73917576 -.00000107  00000+0  00000+0 0  9994
2 39500   0.0639 106.8351 0001726 244.7802 112.1159  1.00271161 43976
TDRS 12                 
1 39504U 14004A   26019.92952368 -.00000256  00000+0  00000+0 0  9994
2 39504   3.8368  16.4498 0005992 259.9028 136.6702  1.00268459 42795
ABS-2                   
1 39508U 14006A   26019.95249049 -.00000072  00000+0  00000+0 0  9994
2 39508   0.0195  46.5699 0003211 245.1618 245.4240  1.00271666 43798
ATHENA-FIDUS            
1 39509U 14006B   26019.94512377  .00000168  00000+0  00000+0 0  9996
2 39509   0.0305  99.3337 0000940 228.7183 169.3059  1.00271245 43602
TURKSAT 4A              
1 39522U 14007A   26019.94590377  .00000160  00000+0  00000+0 0  9990
2 39522   0.0768 279.3710 0004452  12.7048 209.7836  1.00269385 43488
EXPRESS-AT1             
1 39612U 14010A   26019.87742249  .00000093  00000+0  00000+0 0  9998
2 39612   0.0159 303.6546 0000606 241.4196 306.0559  1.00273128 43339
EXPRESS-AT2             
1 39613U 14010B   26019.96531723 -.00000267  00000+0  00000+0 0  9996
2 39613   0.0136 351.4491 0001854 287.7989 327.4513  1.00273231 43011
AMAZONAS 4A             
1 39616U 14011A   26019.92293698 -.00000238  00000+0  00000+0 0  9990
2 39616   0.0646 202.9211 0004134  66.9991 107.6548  1.00272074 43227
ASTRA 5B                
1 39617U 14011B   26019.94226375  .00000151  00000+0  00000+0 0  9994
2 39617   0.0590 318.3919 0004016 333.8289 189.8076  1.00270105 43184
IRNSS-1B                
1 39635U 14017A   26017.88717101  .00000163  00000+0  00000+0 0  9996
2 39635  29.1903 242.9720 0018952 178.3563  70.4262  1.00273530 43285
LUCH-5V                 
1 39727U 14023A   26019.67105534 -.00000257  00000+0  00000+0 0  9990
2 39727   4.7636  71.2050 0003466 237.7330 146.4250  1.00273255 42873
KAZSAT-3                
1 39728U 14023B   26019.94919713  .00000075  00000+0  00000+0 0  9990
2 39728   0.0181   4.9161 0000155 134.2781  20.3214  1.00270143 40979
EUTELSAT 3B             
1 39773U 14030A   26019.93819039  .00000034  00000+0  00000+0 0  9992
2 39773   0.0611  12.5283 0003116 234.0564 213.5713  1.00272406 42588
ASIASAT 8 (AMOS-7)      
1 40107U 14046A   26019.95847052 -.00000319  00000+0  00000+0 0  9997
2 40107   0.0143  66.5102 0000912 242.8208 260.3560  1.00271954100664
ASIASAT 6               
1 40141U 14052A   26019.96133054  .00000000  00000+0  00000+0 0  9999
2 40141   0.0208 286.7422 0000855 342.3935 316.1992  1.00269348 41582
OPTUS 10                
1 40146U 14054A   26019.89719683 -.00000133  00000+0  00000+0 0  9994
2 40146   0.0648  58.7919 0002397 241.1316 298.3395  1.00270839 41546
MEASAT-3B               
1 40147U 14054B   26019.95578384 -.00000227  00000+0  00000+0 0  9997
2 40147   0.0273  27.6470 0002205 327.7253 199.5451  1.00271517 41423
HIMAWARI-8              
1 40267U 14060A   26019.96549057  .00000000  00000+0  00000+0 0  9991
2 40267   0.0177 245.6209 0000897  72.8326 289.1144  1.00269114 41273
IRNSS-1C                
1 40269U 14061A   26019.74012911 -.00000150  00000+0  00000+0 0  9991
2 40269   6.1385  91.8598 0018344 359.0740  17.6170  1.00269121 41205
INTELSAT 30 (IS-30)     
1 40271U 14062A   26019.84743565 -.00000136  00000+0  00000+0 0  9996
2 40271   0.0114  47.5098 0001588  60.0437 221.6884  1.00270335  5307
ARSAT 1                 
1 40272U 14062B   26019.92337031 -.00000245  00000+0  00000+0 0  9994
2 40272   0.0361 298.4796 0001448 352.6628  88.7659  1.00270728 41130
EUTELSAT 53A            
1 40277U 14064A   26019.94815713  .00000112  00000+0  00000+0 0  9993
2 40277   0.0189 309.7219 0000963  64.1873 139.7557  1.00273492 40085
GSAT-16                 
1 40332U 14078A   26019.94850380  .00000099  00000+0  00000+0 0  9993
2 40332   0.0352  95.8729 0002969 350.4102  69.5911  1.00271738 40627
DIRECTV 14              
1 40333U 14078B   26019.91791029 -.00000111  00000+0  00000+0 0  9991
2 40333   0.0201  47.8978 0000347 118.6177 183.9967  1.00272268 40551
YAMAL 401               
1 40345U 14082A   26019.95543718 -.00000214  00000+0  00000+0 0  9997
2 40345   0.0245 113.0670 0001257 330.6755 109.5041  1.00270933 40437
ASTRA 2G                
1 40364U 14089A   26019.94321709  .00000164  00000+0  00000+0 0  9991
2 40364   0.0487 346.4367 0002981  32.4917 108.1327  1.00270783 40483
FENGYUN 2G              
1 40367U 14090A   26019.67200867 -.00000291  00000+0  00000+0 0  9999
2 40367   5.2619  74.6399 0001413 187.4726 198.5453  1.00271391 40516
MUOS-3                  
1 40374U 15002A   26019.93446370 -.00000115  00000+0  00000+0 0  9996
2 40374   4.2367  42.7363 0056265 183.9539 213.5607  1.00272676 40109
INMARSAT 5-F2           
1 40384U 15005A   26019.92675034 -.00000271  00000+0  00000+0 0  9993
2 40384   0.0185  48.6043 0000486 326.7625  22.5605  1.00271193 39500
ABS-3A                  
1 40424U 15010A   26019.36633346 -.00000013  00000+0  00000+0 0  9996
2 40424   0.0144  43.2332 0001696 202.2741   2.1194  1.00269271 39885
EUTELSAT 115 WEST B     
1 40425U 15010B   26019.54666617 -.00000010  00000+0  00000+0 0  9991
2 40425   0.0018 161.6474 0000226 140.4597 258.7023  1.00270488 39903
EXPRESS-AM7             
1 40505U 15012A   26019.87421580  .00000165  00000+0  00000+0 0  9996
2 40505   0.0181  78.7256 0003178 224.4677 170.7704  1.00273628 39526
BEIDOU-3S IGSO-1S       
1 40549U 15019A   26019.60055530 -.00000160  00000+0  00000+0 0  9996
2 40549  49.4770 297.2580 0035796 192.8647 300.9417  1.00284633 39581
THOR 7                  
1 40613U 15022A   26019.93749706  .00000006  00000+0  00000+0 0  9991
2 40613   0.0017 143.3193 0002481 157.9499 154.8918  1.00271026 39330
TURKMENALEM52E/MONACOSAT
1 40617U 15023A   26019.80530285  .00000118  00000+0  00000+0 0  9996
2 40617   0.0414  89.9705 0002494 211.7160 159.4244  1.00273321 39363
DIRECTV 15              
1 40663U 15026A   26019.91721694 -.00000088  00000+0  00000+0 0  9995
2 40663   0.0163  60.7324 0000439  82.6252 203.2572  1.00271470 38974
SKY MEXICO-1            
1 40664U 15026B   26019.92198365 -.00000220  00000+0  00000+0 0  9998
2 40664   0.0142  64.7689 0002416 255.3148  52.3635  1.00270796 38962
METEOSAT-11 (MSG-4)     
1 40732U 15034A   26019.93949040  .00000077  00000+0  00000+0 0  9997
2 40732   2.8318  71.8750 0000299 162.8537 232.3470  1.00279477  5733
STAR ONE C4             
1 40733U 15034B   26019.49581425 -.00000251  00000+0  00000+0 0  9993
2 40733   0.0354 321.8416 0002273   1.6012 263.9409  1.00271710 38520
WGS F7 (USA 263)        
1 40746U 15036A   26019.82966888  .00000000  00000+0  00000+0 0  9997
2 40746   0.0227  53.5880 0000292 313.2876 226.0420  1.00271150 38381
INTELSAT 34 (IS-34)     
1 40874U 15039A   26019.49867427 -.00000271  00000+0  00000+0 0  9995
2 40874   0.0270 301.5379 0000829 239.8450  61.5209  1.00272169 38138
EUTELSAT 8 WEST B       
1 40875U 15039B   26019.93602371 -.00000052  00000+0  00000+0 0  9997
2 40875   0.0640   5.4990 0004081 293.5104 149.2842  1.00270592 38175
GSAT-6                  
1 40880U 15041A   26019.95396383 -.00000146  00000+0  00000+0 0  9995
2 40880   1.5364  84.5939 0002774 215.8695 244.7717  1.00268856 38116
INMARSAT 5-F3           
1 40882U 15042A   26019.68786877  .00000065  00000+0  00000+0 0  9998
2 40882   0.0176  52.7478 0000685  70.3241  63.2488  1.00273483 38085
MUOS-4                  
1 40887U 15044A   26019.95257715 -.00000080  00000+0  00000+0 0  9997
2 40887   4.0517  41.1787 0055013 357.0773 139.0396  1.00271483 38075
TJS-1                   
1 40892U 15046A   26019.89702350 -.00000142  00000+0  00000+0 0  9997
2 40892   0.0663 264.7933 0002681  83.0887 249.3618  1.00270430 38084
EXPRESS-AM8             
1 40895U 15048A   26019.93481038 -.00000098  00000+0  00000+0 0  9994
2 40895   0.0070  15.7334 0000259 193.4218 232.6836  1.00270772 37851
BEIDOU-3S IGSO-2S       
1 40938U 15053A   26016.74545162 -.00000068  00000+0  00000+0 0  9990
2 40938  49.4536 260.5880 0060566 187.9938  30.9211  1.00262248 37836
SKY MUSTER 1 (NBN1A)    
1 40940U 15054A   26019.96540390 -.00000265  00000+0  00000+0 0  9998
2 40940   0.0148   1.7446 0001671 301.3874 303.9920  1.00270379 37774
ARSAT 2                 
1 40941U 15054B   26019.92155030 -.00000211  00000+0  00000+0 0  9999
2 40941   0.0365 293.9504 0001784   0.0713  76.0307  1.00270924 37814
MORELOS 3               
1 40946U 15056A   26019.91522360 -.00000029  00000+0  00000+0 0  9996
2 40946   3.0800  10.8297 0001543 346.4534 338.3911  1.00272932 37795
APSTAR-9                
1 40982U 15059A   26019.96575057 -.00000252  00000+0  00000+0 0  9993
2 40982   0.0265  57.9291 0002806 192.8291 358.2753  1.00270263 37632
TURKSAT 4B              
1 40984U 15060A   26019.94755045  .00000000  00000+0  00000+0 0  9992
2 40984   0.0234  67.2503 0001838 234.3065 208.8908  1.00268469 37610
ZHONGXING-2C            
1 41021U 15063A   26019.95812385 -.00000309  00000+0  00000+0 0  9993
2 41021   0.1155 257.0596 0007940 333.1190 337.5118  1.00269599 37498
GSAT-15                 
1 41028U 15065A   26019.95613051 -.00000243  00000+0  00000+0 0  9998
2 41028   0.0866 265.4918 0001632 344.2754 307.2627  1.00271018 37314
BADR-7 (ARABSAT-6B)     
1 41029U 15065B   26019.94278376  .00000159  00000+0  00000+0 0  9990
2 41029   0.0364 233.6748 0004240  14.5542 236.4817  1.00270194 37280
LAOSAT 1                
1 41034U 15067A   26019.96297722 -.00000329  00000+0  00000+0 0  9996
2 41034   0.0180 143.3079 0001308 113.3906 337.8024  1.00269012 37373
TELSTAR 12V             
1 41036U 15068A   26019.93463705 -.00000105  00000+0  00000+0 0  9994
2 41036   0.0178  54.5061 0002239 254.8745 131.3966  1.00271788 37131
ELEKTRO-L 2             
1 41105U 15074A   26019.93472372 -.00000106  00000+0  00000+0 0  9999
2 41105   6.3204  72.3672 0003573 220.7938 148.1321  1.00270909 37024
COSMOS 2513             
1 41121U 15075A   26019.95353050 -.00000124  00000+0  00000+0 0  9991
2 41121   0.0549 106.1867 0002846 182.7999 253.8569  1.00271987 37062
EXPRESS-AMU1            
1 41191U 15082A   26019.94477711  .00000000  00000+0  00000+0 0  9998
2 41191   0.0251  70.9954 0002539 208.9521 215.6059  1.00269071 36784
GAOFEN-4                
1 41194U 15083A   26019.95855719 -.00000321  00000+0  00000+0 0  9998
2 41194   0.2666  83.1547 0003101  83.4721  43.5018  1.00271487 37044
BELINTERSAT-1           
1 41238U 16001A   26019.94781045  .00000121  00000+0  00000+0 0  9994
2 41238   0.0612 265.8463 0001319   9.5357 236.6284  1.00271102 36752
IRNSS-1E                
1 41241U 16003A   26019.57506550 -.00000292  00000+0  00000+0 0  9995
2 41241  32.9080  61.8986 0020128 191.3110 184.4293  1.00267512 36591
EUTELSAT 9B             
1 41310U 16005A   26019.93940374  .00000076  00000+0  00000+0 0  9999
2 41310   0.0421  67.6612 0004361 226.2245 172.6016  1.00272611 36634
SES-9                   
1 41380U 16013A   26019.81639625 -.00000331  00000+0  00000+0 0  9991
2 41380   0.0412 277.8468 0000704 106.3587 137.1871  1.00273109 35951
EUTELSAT 65 WEST A      
1 41382U 16014A   26019.92467032 -.00000262  00000+0  00000+0 0  9990
2 41382   0.0841 300.9405 0002084 357.0534  88.9947  1.00273004 36040
IRNSS-1F                
1 41384U 16015A   26019.94399710  .00000169  00000+0  00000+0 0  9997
2 41384   4.9769 100.3522 0021637 185.8603 205.4392  1.00277614 36181
BEIDOU-2 IGSO-6         
1 41434U 16021A   26020.02719801 -.00000117  00000+0  00000+0 0  9992
2 41434  60.0199  39.5122 0060780 231.8072 312.6832  1.00286453 35999
IRNSS-1G                
1 41469U 16027A   26019.67798872 -.00000323  00000+0  00000+0 0  9999
2 41469   4.8279 101.1311 0004006 326.3004  65.2235  1.00274890 35699
JCSAT-2B                
1 41471U 16028A   26019.89659016 -.00000151  00000+0  00000+0 0  9992
2 41471   0.0178  50.2343 0000731 227.9853 317.8174  1.00271158 35643
THAICOM 8               
1 41552U 16031A   26019.95318382 -.00000107  00000+0  00000+0 0  9992
2 41552   0.0526  43.7906 0004409 276.2433 220.9885  1.00271203 35238
INTELSAT 31 (IS-31)     
1 41581U 16035A   26019.91877696 -.00000136  00000+0  00000+0 0  9994
2 41581   0.0467 241.8498 0002006 327.9590 145.1794  1.00269937 35193
BEIDOU-2 G7             
1 41586U 16037A   26019.95951053 -.00000339  00000+0  00000+0 0  9990
2 41586   1.8489  68.1656 0006024 358.2867 148.7555  1.00265858  5408
ABS-2A (MONGOLSAT-1)    
1 41588U 16038A   26019.95240382  .00000000  00000+0  00000+0 0  9993
2 41588   0.0253  58.5170 0001425 189.1192 289.3096  1.00267224 35220
EUTELSAT 117 WEST B     
1 41589U 16038B   26019.70043553  .00000003  00000+0  00000+0 0  9991
2 41589   0.0032 120.2663 0000102 217.0670 276.8843  1.00269973 35171
BRISAT                  
1 41591U 16039A   26019.82481551  .00000000  00000+0  00000+0 0  9999
2 41591   0.0173  43.6956 0001953 257.7157 265.2295  1.00268772 35123
ECHOSTAR 18             
1 41592U 16039B   26019.92545032 -.00000268  00000+0  00000+0 0  9993
2 41592   0.0174  54.3096 0001351 248.8120  87.9659  1.00272117 35134
MUOS-5                  
1 41622U 16041A   26019.91704361 -.00000098  00000+0  00000+0 0  9992
2 41622   2.5280 299.1970 0197631 262.9908 142.2436  1.00272778 35604
TIANTONG-1 1            
1 41725U 16048A   26019.95769052 -.00000304  00000+0  00000+0 0  9995
2 41725   3.5676  41.9578 0003835 333.7063 189.8571  1.00273853 34786
JCSAT-16                
1 41729U 16050A   26019.89477015 -.00000237  00000+0  00000+0 0  9995
2 41729   0.0179  51.6916 0000933 262.7079 270.9351  1.00270435 34587
USA 270                 
1 41744U 16052A   26017.40157512 -.00000089  00000+0  00000+0 0  9991
2 41744   3.8109  79.1464 0002533 268.8085  73.1086  1.00326730 26616
USA 271                 
1 41745U 16052B   26017.39888844 -.00000244  00000+0  00000+0 0  9992
2 41745   3.7831  79.2088 0000429 336.3932 350.9972  1.00133461 26409
INTELSAT 36 (IS-36)     
1 41747U 16053A   26019.95119047 -.00000010  00000+0  00000+0 0  9992
2 41747   0.0099  33.0516 0001059 287.1386 210.0735  1.00271223 34464
INSAT-3DR               
1 41752U 16054A   26019.95223049 -.00000063  00000+0  00000+0 0  9995
2 41752   0.1015  88.1118 0013953 187.2552 260.7733  1.00271591 34333
GSAT-18                 
1 41793U 16060A   26019.45300066 -.00000063  00000+0  00000+0 0  9997
2 41793   0.0499  93.6579 0002261 276.2866 345.9747  1.00271565 34031
SKY MUSTER 2 (NBN1B)    
1 41794U 16060B   26019.68102206 -.00000230  00000+0  00000+0 0  9995
2 41794   0.0142   1.3489 0001457 296.1031 211.5739  1.00272562 34031
HIMAWARI-9              
1 41836U 16064A   26019.68024206 -.00000261  00000+0  00000+0 0  9993
2 41836   0.0060 291.3175 0000756  65.8872 147.5089  1.00271736 33728
SHIJIAN-17 (SJ-17)      
1 41838U 16065A   26015.72722794 -.00000230  00000+0  00000+0 0  9990
2 41838   5.3644  74.4616 0000436 201.9344 202.6831  0.99856294 33686
GOES 16                 
1 41866U 16071A   26019.91687028 -.00000077  00000+0  00000+0 0  9992
2 41866   0.1160  96.6730 0002881 185.3923  62.6052  1.00271517 33614
TIANLIAN 1-04           
1 41869U 16072A   26019.90144352  .00000044  00000+0  00000+0 0  9996
2 41869   0.4853  83.4750 0042881  96.8079  80.3312  1.00268590 33812
WGS F8 (USA 272)        
1 41879U 16075A   26018.68350016 -.00000188  00000+0  00000+0 0  9990
2 41879   0.0156  37.1994 0000407 276.0639 200.6884  1.00270640 33329
FENGYUN 4A              
1 41882U 16077A   26019.96211054 -.00000344  00000+0  00000+0 0  9990
2 41882   1.9448  82.0091 0005026 133.1508  14.3007  1.00267570 33442
ECHOSTAR 19             
1 41893U 16079A   26019.84708898 -.00000124  00000+0  00000+0 0  9994
2 41893   0.0179  52.1428 0001221 244.0708  30.8679  1.00271292 33213
JCSAT-110A (JCSAT-15)   
1 41903U 16082A   26019.95942387 -.00000337  00000+0  00000+0 0  9991
2 41903   0.0180  51.7432 0000488 264.9921 258.0607  1.00270631 33276
STAR ONE D1             
1 41904U 16082B   26019.92094363 -.00000197  00000+0  00000+0 0  9995
2 41904   0.0131  28.5972 0002649 294.1152  44.1129  1.00273486 33281
TJS-2                   
1 41911U 17001A   26019.95084381  .00000007  00000+0  00000+0 0  9996
2 41911   0.4491  87.7179 0002045 222.5311 217.9340  1.00271903 33232
SBIRS GEO-4 (USA 273)   
1 41937U 17004A   26019.94174375  .00000137  00000+0  00000+0 0  9993
2 41937   1.9701  38.4688 0002132 262.5013 178.2789  1.00272231 33116
HISPASAT 36W-1          
1 41942U 17006A   26019.71646897 -.00000230  00000+0  00000+0 0  9994
2 41942   0.0144 304.7459 0000974 359.8682  36.4085  1.00271408 32750
TELKOM 3S               
1 41944U 17007A   26019.96098388 -.00000348  00000+0  00000+0 0  9990
2 41944   0.0173  59.0060 0002137 246.0191 278.2706  1.00271127 32650
INTELSAT 32E (IS-32E)   
1 41945U 17007B   26019.50110095 -.00000255  00000+0  00000+0 0  9998
2 41945   0.0162  77.8753 0000411 336.3215 201.9100  1.00270988 32733
ECHOSTAR 23             
1 42070U 17014A   26019.91583028 -.00000043  00000+0  00000+0 0  9996
2 42070   0.0179  54.4566 0001929 240.9021  43.7354  1.00272633 32433
WGS F9 (USA 275)        
1 42075U 17016A   26019.57849477  .00000000  00000+0  00000+0 0  9990
2 42075   0.0227  54.3230 0000436 332.8380 288.0984  1.00269567 32402
SES-10                  
1 42432U 17017A   26019.85306902 -.00000258  00000+0  00000+0 0  9996
2 42432   0.0125  39.9802 0002609 271.5086  47.9540  1.00271825 32259
CHINASAT 16 (SJ-13)     
1 42662U 17018A   26019.95951053 -.00000338  00000+0  00000+0 0  9995
2 42662   0.0430  86.5969 0006877 172.2022 316.5054  1.00274041 32262
KOREASAT 7              
1 42691U 17023A   26019.96055053 -.00000348  00000+0  00000+0 0  9990
2 42691   0.0222   7.7877 0001395 278.6534 294.5746  1.00270778 31888
SGDC                    
1 42692U 17023B   26019.87653986 -.00000235  00000+0  00000+0 0  9995
2 42692   0.0171  51.6443 0002911 259.1704  49.1436  1.00271769 31912
GSAT-9                  
1 42695U 17024A   26019.95691051 -.00000272  00000+0  00000+0 0  9994
2 42695   0.0202 239.5904 0001703  86.5914 234.9717  1.00272225 31815
INMARSAT 5-F4           
1 42698U 17025A   26019.16422558  .00000090  00000+0  00000+0 0  9992
2 42698   0.0181  45.7800 0000299 336.3444 212.0781  1.00270681 31787
SES-15                  
1 42709U 17026A   26019.69800884  .00000074  00000+0  00000+0 0  9998
2 42709   0.0247 334.6957 0000494 353.8359 272.6591  1.00268888  5948
QZS-2 (MICHIBIKI-2)     
1 42738U 17028A   26019.46513405 -.00000068  00000+0  00000+0 0  9991
2 42738  39.6546 245.3257 0751468 269.8997 273.5609  1.00273292  6136
VIASAT-2                
1 42740U 17029A   26019.92371698 -.00000251  00000+0  00000+0 0  9996
2 42740   0.0135 348.0545 0000497 135.4814 258.3839  1.00274291 31719
EUTELSAT 172B           
1 42741U 17029B   26019.90040352  .00000008  00000+0  00000+0 0  9994
2 42741   0.0269 122.8600 0000173   4.3797 128.1799  1.00271887 32249
GSAT-19                 
1 42747U 17031A   26019.94711712  .00000139  00000+0  00000+0 0  9997
2 42747   0.0330  90.7491 0001708 253.8551 163.5301  1.00272575 31661
ECHOSTAR 21             
1 42749U 17032A   26019.93966374  .00000082  00000+0  00000+0 0  9992
2 42749   1.8122 346.0289 0002320 315.8644 165.9549  1.00271413 31611
BULGARIASAT-1           
1 42801U 17038A   26019.58135478  .00000000  00000+0  00000+0 0  9991
2 42801   0.0209  54.9115 0002677 262.7259  12.5312  1.00271379 31343
HELLAS-SAT 3            
1 42814U 17040A   26019.94538377  .00000166  00000+0  00000+0 0  9996
2 42814   0.0394  26.8923 0004074 316.1954 155.5843  1.00275375 31321
GSAT-17                 
1 42815U 17040B   26019.95613051  .00000000  00000+0  00000+0 0  9998
2 42815   0.0170  67.3121 0006221 205.5037 284.2417  1.00266967 31305
INTELSAT 35E (IS-35E)   
1 42818U 17041A   26019.93082369  .00000000  00000+0  00000+0 0  9992
2 42818   0.0187  73.6229 0002059 237.3825 108.9247  1.00267117 31321
COSMOS 2520             
1 42907U 17046A   26019.94651045  .00000151  00000+0  00000+0 0  9997
2 42907   0.0304 105.1531 0000642  28.8631  11.0385  1.00274543 30914
TDRS 13                 
1 42915U 17047A   26019.93533038 -.00000082  00000+0  00000+0 0  9991
2 42915   3.4241 358.9320 0009040 111.8866 333.7476  1.00271938 30862
QZS-3 (MICHIBIKI-3)     
1 42917U 17048A   26019.96280389 -.00000334  00000+0  00000+0 0  9995
2 42917   0.0850 229.1463 0002106  69.1317 294.6504  1.00276550 30774
AMAZONAS 5              
1 42934U 17053A   26019.56887471 -.00000268  00000+0  00000+0 0  9997
2 42934   0.0403 320.3323 0005262 346.2764 316.1497  1.00270783 30556
ASIASAT 9               
1 42942U 17057A   26007.33688002 -.00000122  00000+0  00000+0 0  9990
2 42942   0.0111  29.9928 0362426 100.7663 222.0774  1.07151375 30244
INTELSAT 37E (IS-37E)   
1 42950U 17059A   26019.93403037  .00000000  00000+0  00000+0 0  9997
2 42950   0.0179  70.8739 0002693 213.9776 152.7296  1.00268361 30572
BSAT-4A                 
1 42951U 17059B   26019.95933720 -.00000336  00000+0  00000+0 0  9990
2 42951   0.0312 354.0158 0003634   9.7749 210.7419  1.00272854 30317
QZS-4 (MICHIBIKI-4)     
1 42965U 17062A   26014.80903709 -.00000327  00000+0  00000+0 0  9992
2 42965  40.2046 345.4447 0750872 268.8287 289.5549  1.00295278 30262
SES-11 (ECHOSTAR 105)   
1 42967U 17063A   26019.91678361 -.00000075  00000+0  00000+0 0  9995
2 42967   0.0156  41.9693 0002437 242.9746  59.4483  1.00271110 30238
KOREASAT 5A             
1 42984U 17067A   26019.96003053 -.00000344  00000+0  00000+0 0  9992
2 42984   0.0178  25.2669 0000675 272.4826 280.3432  1.00271913 30047
ALCOMSAT 1              
1 43039U 17078A   26019.93273037 -.00000172  00000+0  00000+0 0  9993
2 43039   0.0621 222.0992 0002667  69.2129 138.9671  1.00270898 29805
SBIRS GEO-3 (USA 282)   
1 43162U 18009A   26019.83469558  .00000142  00000+0  00000+0 0  9995
2 43162   2.1033   4.6240 0002099 295.5209 320.1615  1.00272116 29352
AL YAH 3                
1 43174U 18012A   26019.93368370 -.00000142  00000+0  00000+0 0  9994
2 43174   1.1678  85.0685 0003891 228.7096 121.6360  1.00271034 29357
SES-14                  
1 43175U 18012B   26019.92822368 -.00000264  00000+0  00000+0 0  9991
2 43175   0.0106  22.3946 0000775 279.3666 104.2140  1.00269812  5537
GOES 17                 
1 43226U 18022A   26019.91990363 -.00000169  00000+0  00000+0 0  9993
2 43226   0.5546  88.5312 0002770 202.1188  70.3064  1.00272546 28933
HISPASAT 30W-6          
1 43228U 18023A   26019.93169036 -.00000202  00000+0  00000+0 0  9991
2 43228   0.0412  45.5779 0004129 279.4442  99.6952  1.00269999 28918
SUPERBIRD-B3            
1 43271U 18033A   26019.89841017 -.00000079  00000+0  00000+0 0  9993
2 43271   0.0489 252.2149 0001168  67.5226 284.9472  1.00270605 28578
HYLAS 4                 
1 43272U 18033B   26019.64548852  .00000000  00000+0  00000+0 0  9991
2 43272   0.0141  56.9113 0001190 289.1665 331.8319  1.00269653 28571
IRNSS-1I                
1 43286U 18035A   26019.73449574  .00000084  00000+0  00000+0 0  9991
2 43286  29.2389  76.5045 0021358 188.6375 173.4460  1.00272885 28594
USA 283                 
1 43339U 18036A   26017.61044308 -.00000301  00000+0  00000+0 0  9995
2 43339   0.0152  86.9953 0000120 232.1155 151.7639  1.00269839 23784
COSMOS 2526             
1 43432U 18037A   26019.32109318 -.00000330  00000+0  00000+0 0  9995
2 43432   0.0375 128.7340 0001017 338.8867 254.7417  1.00274363 28466
APSTAR-6C               
1 43450U 18041A   26018.96560190 -.00000303  00000+0  00000+0 0  9998
2 43450   0.0465 308.1192 0003248   6.8980 284.9601  1.00271470 28311
BANGABANDHUSAT-1        
1 43463U 18044A   26019.96124388  .00000000  00000+0  00000+0 0  9994
2 43463   0.0188  92.4301 0001740 208.2491 283.8189  1.00267613 28225
SES-12                  
1 43488U 18049A   26019.95647718 -.00000255  00000+0  00000+0 0  9995
2 43488   0.0117   9.2463 0002372 270.1711 279.2378  1.00270748 27933
FENGYUN 2H              
1 43491U 18050A   26019.95327049 -.00000114  00000+0  00000+0 0  9997
2 43491   2.6477  80.9107 0002160 177.1275 283.5722  1.00268453 27954
BEIDOU-2 IGSO-7         
1 43539U 18057A   26005.15661572 -.00000100  00000+0  00000+0 0  9991
2 43539  55.1801 164.4661 0093553 235.1954 230.6715  1.00249884 27490
TELSTAR 19V             
1 43562U 18059A   26019.92510366 -.00000266  00000+0  00000+0 0  9996
2 43562   0.0287 156.1051 0000570  39.6144 193.6073  1.00270266 27650
TELKOM 4 (MERAH PUTIH)  
1 43587U 18064A   26019.95899053 -.00000330  00000+0  00000+0 0  9997
2 43587   0.0169  58.5334 0001161 280.2080 233.8371  1.00270856 27399
TELSTAR 18V             
1 43611U 18069A   26019.67963538 -.00000279  00000+0  00000+0 0  9991
2 43611   0.0445 251.8527 0002210  52.7925 197.0919  1.00272232 27144
AZERSPACE 2 (IS-38)     
1 43632U 18074A   26019.94651045  .00000000  00000+0  00000+0 0  9998
2 43632   0.0218  65.2761 0001239 232.9760 206.9430  1.00269286 26963
HORIZONS-3E             
1 43633U 18074B   26019.89979684  .00000000  00000+0  00000+0 0  9995
2 43633   0.0125 187.7327 0000326 181.7166 242.7774  1.00268039 26858
AEHF-4 (USA 288)        
1 43651U 18079A   26019.92432366 -.00000259  00000+0  00000+0 0  9992
2 43651   1.4319 350.9904 0062731 359.8557  33.6296  1.00276141 26818
BEIDOU-3 G1             
1 43683U 18085A   26019.96540390 -.00000266  00000+0  00000+0 0  9993
2 43683   2.7018 101.7786 0001384  32.2241 112.9037  1.00267963 26571
GSAT-29                 
1 43698U 18089A   26019.94850380  .00000098  00000+0  00000+0 0  9996
2 43698   0.0170  62.7962 0002772 218.9762 234.1028  1.00274748 26309
ES'HAIL 2               
1 43700U 18090A   26019.51479438  .00000159  00000+0  00000+0 0  9994
2 43700   0.0215  81.1072 0001954 274.5795 334.3719  1.00275346 26186
GEO-KOMPSAT-2A          
1 43823U 18100A   26019.32109318 -.00000329  00000+0  00000+0 0  9998
2 43823   0.0258 125.3242 0000810 285.2930 311.9381  1.00270182 26133
GSAT-11                 
1 43824U 18100B   26019.95231715 -.00000063  00000+0  00000+0 0  9990
2 43824   0.1022 261.9026 0003215 161.0029 113.2588  1.00271679 25990
GSAT-7A                 
1 43864U 18105A   26019.95006381  .00000000  00000+0  00000+0 0  9998
2 43864   0.0167  91.4292 0002096 192.6722 240.0775  1.00271798 25966
COSMOS 2533             
1 43867U 18107A   26016.38527310 -.00000021  00000+0  00000+0 0  9991
2 43867   0.0346 110.4119 0000831 177.8782  36.2142  1.00271989 25914
TJS-3                   
1 43874U 18110A   26019.66403528  .00000070  00000+0  00000+0 0  9994
2 43874   2.1610  82.3670 0001697 216.7714 117.9488  1.00270181 25921
ZHONGXING-2D            
1 43920U 19001A   26019.96332389 -.00000323  00000+0  00000+0 0  9997
2 43920   0.0329 124.3621 0001072 167.4162 304.3431  1.00268800 52594
HELLAS-SAT 4 & SGS-1    
1 44034U 19007A   26019.94538377  .00000167  00000+0  00000+0 0  9998
2 44034   0.0664 123.1390 0003473  48.4934 327.0444  1.00271989 25885
GSAT-31                 
1 44035U 19007B   26019.94711712  .00000139  00000+0  00000+0 0  9994
2 44035   0.0601 257.9747 0005939  15.4043 234.7493  1.00273888 25487
NUSANTARA SATU          
1 44048U 19009A   26019.96653058 -.00000221  00000+0  00000+0 0  9993
2 44048   0.0257 125.6505 0001121  29.7614  97.8894  1.00269260 25282
ZHONGXING-6C            
1 44067U 19012A   26018.03760950 -.00000320  00000+0  00000+0 0  9995
2 44067   0.0559  66.0094 0005851 324.7735 230.6178  1.00271517 25230
WGS 10 (USA 291)        
1 44071U 19014A   26018.45179199  .00000062  00000+0  00000+0 0  9999
2 44071   0.0194  37.4936 0001046  51.7379 251.6095  1.00271591 25110
TIANLIAN 2-01           
1 44076U 19017A   26019.95283715 -.00000093  00000+0  00000+0 0  9998
2 44076   0.1567  79.0863 0003885 198.8622 261.4225  1.00271988 25167
ARABSAT-6A              
1 44186U 19021A   26019.94365043  .00000168  00000+0  00000+0 0  9991
2 44186   0.0426 345.2278 0005942 306.0924 198.2014  1.00274163 24670
BEIDOU-2 G8             
1 44231U 19027A   26019.96618391 -.00000234  00000+0  00000+0 0  9992
2 44231   1.7570  74.7898 0008739 262.4132 274.4607  1.00275038 24592
YAMAL 601               
1 44307U 19031A   26019.94729045  .00000134  00000+0  00000+0 0  9996
2 44307   0.0152  77.5548 0002327 220.9811 210.8013  1.00271425 24431
AT&T T-16               
1 44333U 19034A   26019.91765028 -.00000100  00000+0  00000+0 0  9990
2 44333   0.0209  79.8588 0000898  66.3046 202.6122  1.00268476 24145
EUTELSAT 7C             
1 44334U 19034B   26019.58239479  .00000062  00000+0  00000+0 0  9996
2 44334   0.0779 184.3037 0003083 100.2926  51.0224  1.00270708  5344
BEIDOU-3 IGSO-2         
1 44337U 19035A   26014.80226035 -.00000098  00000+0  00000+0 0  9994
2 44337  55.2327 160.2108 0037807 203.4776 157.9721  1.00260960 24135
COSMOS 2539             
1 44457U 19048A   26019.01274884  .00000095  00000+0  00000+0 0  9990
2 44457   0.0329 109.4171 0000771 169.0681 216.4885  1.00270680 23732
EDRS-C                  
1 44475U 19049A   26019.89451014 -.00000248  00000+0  00000+0 0  9990
2 44475   0.0322 106.9335 0001002 209.7573 267.1272  1.00272452 23720
INTELSAT 39 (IS-39)     
1 44476U 19049B   26019.37916021  .00000000  00000+0  00000+0 0  9993
2 44476   0.0249  68.2782 0001027  71.3558 177.5868  1.00269017 23636
AMOS-17                 
1 44479U 19050A   26019.94096375  .00000000  00000+0  00000+0 0  9992
2 44479   0.0230  62.1418 0001429 243.6837 169.2487  1.00269429 23708
AEHF-5 (USA 292)        
1 44481U 19051A   26019.95595718 -.00000240  00000+0  00000+0 0  9999
2 44481   1.6207 326.0504 0070989   2.7198 227.7266  1.00267538 23772
EUTELSAT 5 WEST B       
1 44624U 19067A   26019.93663038 -.00000028  00000+0  00000+0 0  9998
2 44624   0.0817 317.7638 0002977 345.7391 147.9934  1.00271496 22955
TJS-4                   
1 44637U 19070A   26019.95413716 -.00000155  00000+0  00000+0 0  9995
2 44637   0.0272 123.5527 0002586 196.7633 226.0478  1.00270778 22980
TIBA-1                  
1 44800U 19080A   26019.94469044  .00000170  00000+0  00000+0 0  9998
2 44800   0.0530 348.8545 0001936 309.5508 196.5216  1.00274909 22570
INMARSAT GX5            
1 44801U 19080B   26019.93975040  .00000089  00000+0  00000+0 0  9995
2 44801   0.0367  25.2966 0002089 289.0883 154.2273  1.00271185  5309
JCSAT-18 (KACIFIC 1)    
1 44868U 19091A   26018.68350016  .00000000  00000+0  00000+0 0  9994
2 44868   0.0108 269.4373 0001473   1.5565 243.1635  1.00286653 22517
ELEKTRO-L 3             
1 44903U 19095A   26019.95266382 -.00000083  00000+0  00000+0 0  9993
2 44903   0.0272 109.6811 0002158 193.1483 235.4796  1.00272220 22224
SHIJIAN-20 (SJ-20)      
1 44910U 19097A   26015.77713979 -.00000103  00000+0  00000+0 0  9991
2 44910   4.5275  76.9700 0008026 246.9785 149.0180  1.00272786 22177
TJS-5                   
1 44978U 20002A   26015.82209941 -.00000324  00000+0  00000+0 0  9993
2 44978   0.4361  88.2788 0005256 123.5141 306.9303  1.00269996 22172
GSAT-30                 
1 45026U 20005A   26019.95405050 -.00000151  00000+0  00000+0 0  9996
2 45026   0.0442 251.3006 0000914 329.8407 324.6756  1.00272152 22022
EUTELSAT KONNECT        
1 45027U 20005B   26019.58239479  .00000064  00000+0  00000+0 0  9998
2 45027   0.0676  94.2981 0001220 181.8232  59.7038  1.00271374 22845
JCSAT-17                
1 45245U 20013A   26019.89321014 -.00000297  00000+0  00000+0 0  9999
2 45245   5.3975 355.3965 0003766 321.8503 259.5776  1.00270084 21748
GEO-KOMPSAT-2B          
1 45246U 20013B   26019.74905583 -.00000330  00000+0  00000+0 0  9991
2 45246   0.0074 241.0953 0002025  50.7854 225.1664  1.00270221 21796
BEIDOU-3 G2             
1 45344U 20017A   26019.95344383 -.00000127  00000+0  00000+0 0  9996
2 45344   2.5681  44.7146 0002179 264.4972 233.4013  1.00271918 21775
AEHF-6 (USA 298)        
1 45465U 20022B   26019.96479723 -.00000281  00000+0  00000+0 0  9995
2 45465   2.8727 299.4790 0049429  11.7675 293.1444  1.00275244 21529
BEIDOU-3 G3             
1 45807U 20040A   26019.95951053 -.00000341  00000+0  00000+0 0  9992
2 45807   2.0825  66.9036 0004470 311.0082 197.3729  1.00276590 20586
APSTAR-6D               
1 45863U 20045A   26018.96560190 -.00000303  00000+0  00000+0 0  9995
2 45863   0.0531  94.2719 0002492 349.7478 155.9845  1.00270959 20369
KOREASAT 116            
1 45920U 20048A   26019.96063721 -.00000348  00000+0  00000+0 0  9990
2 45920   0.0173  15.2793 0000822 275.5199 290.5659  1.00273629 20154
EXPRESS 103             
1 45985U 20053A   26019.31485315  .00000000  00000+0  00000+0 0  9997
2 45985   0.0189  39.3318 0000722  85.5693 203.6597  1.00269496 20152
EXPRESS 80              
1 45986U 20053B   26018.45050138 -.00000120  00000+0  00000+0 0  9997
2 45986   0.0166  52.3666 0002400 345.7793 321.8553  1.00271219 20135
BSAT-4B                 
1 46112U 20056A   26019.67408868 -.00000335  00000+0  00000+0 0  9992
2 46112   0.0378 215.1790 0000317 290.1555 326.2166  1.00268660 19901
MEV-2                   
1 46113U 20056B   26019.93741039  .00000000  00000+0  00000+0 0  9990
2 46113   0.0246  75.1303 0001275 264.1280 116.5906  1.00269355 19173
GALAXY 30 (G-30)        
1 46114U 20056C   26019.69887552  .00000051  00000+0  00000+0 0  9991
2 46114   0.0186  45.4126 0002009 261.0863 299.1751  1.00270790 19800
GAOFEN-13 01            
1 46610U 20071A   26019.96107054 -.00000349  00000+0  00000+0 0  9992
2 46610   0.1363  85.1524 0043006 118.0098  20.3876  1.00270237 19432
TIANTONG-1 2            
1 46916U 20082A   26019.96237054 -.00000340  00000+0  00000+0 0  9998
2 46916   1.0299 310.9097 0003826   9.5146 270.3286  1.00271711 19167
LUCAS (JDRS-1)          
1 47202U 20089A   26019.95561051  .00000000  00000+0  00000+0 0  9992
2 47202   0.0211 288.7145 0002767   7.0431 258.3962  1.00270365 18933
SXM-7                   
1 47240U 20096A   26019.92068363 -.00000191  00000+0  00000+0 0  9999
2 47240   0.0228 100.9685 0004103  29.0694 235.5189  1.00271749  5951
CMS-01                  
1 47256U 20099A   26019.95405050  .00000000  00000+0  00000+0 0  9998
2 47256   0.0236  87.8525 0007412 188.7541 269.1979  1.00268818 18714
TURKSAT 5A              
1 47306U 21001A   26019.94373709  .00000168  00000+0  00000+0 0  9997
2 47306   0.0252  80.2058 0000203 359.2659  50.5047  1.00270984 18481
TIANTONG-1 3            
1 47321U 21003A   26019.95379050 -.00000139  00000+0  00000+0 0  9991
2 47321   1.9017 330.7506 0007168 323.6781 249.8305  1.00272148 18479
TJS-6                   
1 47613U 21010A   26019.83027554  .00000057  00000+0  00000+0 0  9997
2 47613   0.2170  93.4962 0003064 268.1424 234.9564  1.00270571 18326
SBIRS GEO-5 (USA 315)   
1 48618U 21042A   26019.88487587 -.00000248  00000+0  00000+0 0  9992
2 48618   5.2942 328.0373 0002352 287.4464 276.1420  1.00271489 17286
FENGYUN 4B              
1 48808U 21047A   26019.95838385 -.00000316  00000+0  00000+0 0  9998
2 48808   0.0823  65.1164 0009748 306.8696 197.0228  1.00270726 17082
SXM-8                   
1 48838U 21049A   26019.63543512 -.00000191  00000+0  00000+0 0  9994
2 48838   0.0138  23.5933 0003968  29.6983 209.3107  1.00270782 17101
TIANLIAN 1-05           
1 49011U 21063A   26019.22766595  .00000121  00000+0  00000+0 0  9999
2 49011   1.2086  81.9471 0005340 201.9402 293.4478  1.00271051 16588
STAR ONE D2             
1 49055U 21069A   26019.92371698  .00000000  00000+0  00000+0 0  9992
2 49055   0.0176  61.6847 0001289 208.4976 111.6731  1.00268777 16440
EUTELSAT QUANTUM        
1 49056U 21069B   26019.94703045  .00000140  00000+0  00000+0 0  9995
2 49056   0.0124 354.0829 0003181 308.7640 205.1041  1.00271531 16443
ZHONGXING-2E            
1 49062U 21071A   26019.95708385 -.00000277  00000+0  00000+0 0  9990
2 49062   0.0215 109.1744 0000533 186.2667 266.5142  1.00270864 16555
TJS-7                   
1 49115U 21077A   26019.91791029 -.00000110  00000+0  00000+0 0  9994
2 49115   0.1251  89.5503 0001199 239.5038  21.1530  1.00273915  8065
CHINASAT 9B             
1 49125U 21080A   26019.95769052 -.00000299  00000+0  00000+0 0  9992
2 49125   0.0201  85.2167 0003042 194.4035 285.8874  1.00273516 16161
SHIJIAN-21 (SJ-21)      
1 49330U 21094A   26019.87244287 -.00000338  00000+0  00000+0 0  9998
2 49330   4.7601  62.0129 0050830 171.8397 326.9206  1.00257543  3874
SES-17                  
1 49332U 21095A   26019.92432366 -.00000258  00000+0  00000+0 0  9995
2 49332   0.0183  48.1267 0000805 251.5464  85.2775  1.00269482 16365
SYRACUSE 4A             
1 49333U 21095B   26019.94659712  .00000000  00000+0  00000+0 0  9998
2 49333   0.0262  74.9049 0001648 217.9229 212.7815  1.00269058 16462
QZS-1R (MICHIBIKI-1R)   
1 49336U 21096A   26017.57054645 -.00000278  00000+0  00000+0 0  9991
2 49336  37.1487  81.8239 0760686 272.0627 100.4131  1.00245372 15502
ZHONGXING-1D            
1 49505U 21114A   26019.03622778 -.00000321  00000+0  00000+0 0  9990
2 49505   0.0583  63.6765 0005885 327.3123 230.8989  1.00271174 15324
STPSAT-6                
1 49817U 21118A   26019.70147553 -.00000031  00000+0  00000+0 0  9995
2 49817   0.0496 247.9501 0002765  59.4858 312.4389  1.00272586 15082
LDPE-1                  
1 49818U 21118B   26019.91149691 -.00000096  00000+0  00000+0 0  9995
2 49818   3.5216  80.6296 0006915 239.9285 354.8199  1.01717814 15161
EXPRESS AMU-7           
1 50001U 21123A   26019.18181902  .00000000  00000+0  00000+0 0  9991
2 50001   0.0200  65.2179 0000498  81.7760 182.0483  1.00268319 15046
EXPRESS AMU-3           
1 50002U 21123B   26018.38698373  .00000000  00000+0  00000+0 0  9998
2 50002   0.0148  43.9554 0000116 251.9718  64.0717  1.00269019  5539
TIANLIAN 2-02           
1 50005U 21124A   26019.90014351  .00000000  00000+0  00000+0 0  9999
2 50005   0.4173  89.3940 0005223 190.3956 334.5157  1.00272781 15131
TURKSAT 5B              
1 50212U 21126A   26019.44650061  .00000161  00000+0  00000+0 0  9992
2 50212   0.0705 339.3875 0005028 334.1975   7.9723  1.00272274 14805
INMARSAT 6-F1           
1 50319U 21128A   26019.81154288 -.00000158  00000+0  00000+0 0  9990
2 50319   0.0182 312.2976 0000224 104.6439  78.1678  1.00271701 14771
SHIYAN-12 01 (SY-12 01) 
1 50321U 21129A   26019.77239435 -.00000084  00000+0  00000+0 0  9995
2 50321   3.2902  82.0022 0003663 229.1512 251.5610  1.00103250 15012
SHIYAN-12 02 (SY-12 02) 
1 50322U 21129B   26019.66299528  .00000127  00000+0  00000+0 0  9990
2 50322   3.2902  82.0157 0003783 204.9982 124.5935  1.00073435 15006
TJS-9                   
1 50574U 21135A   26019.96479723 -.00000285  00000+0  00000+0 0  9992
2 50574   0.0828 255.9935 0004685 277.0039  70.9116  1.00270626 14946
USA 324                 
1 51280U 22006A   26006.86872354  .00000041  00000+0  00000+0 0  9996
2 51280   0.3822  83.6482 0000621 237.8146 157.2312  1.00342336 14529
USA 325                 
1 51281U 22006B   26006.70962434 -.00000360  00000+0  00000+0 0  9994
2 51281   0.1656  83.9928 0022746 181.1199 218.2610  1.00266333 14512
GOES 18                 
1 51850U 22021A   26019.69644884  .00000000  00000+0  00000+0 0  9991
2 51850   0.0199  98.9378 0000668 255.1198 238.7515  1.00270314  5100
ZHONGXING-6D            
1 52255U 22038A   26018.32544907 -.00000338  00000+0  00000+0 0  9998
2 52255   0.0063  72.1628 0002657 209.6995  78.0920  1.00270110 13929
NILESAT 301             
1 52817U 22061A   26019.65094855 -.00000044  00000+0  00000+0 0  9991
2 52817   0.0435   4.2124 0005507 318.5705  23.5882  1.00271636 13240
CMS-02 (GSAT 24)        
1 52903U 22067A   26019.95405050 -.00000151  00000+0  00000+0 0  9998
2 52903   0.0594 258.9696 0004262  17.2354 269.6009  1.00271213 13126
MEASAT 3D               
1 52904U 22067B   26019.74177578 -.00000227  00000+0  00000+0 0  9991
2 52904   0.0399 319.8242 0003474 355.0829 162.7447  1.00270027 13163
SES-22                  
1 52933U 22071A   26019.69610216  .00000118  00000+0  00000+0 0  9991
2 52933   0.0163   4.0800 0000923 309.1038 277.5020  1.00273944  6036
WFOV (USA 332)          
1 52940U 22073A   26019.81847626 -.00000350  00000+0  00000+0 0  9991
2 52940   3.3286  80.4817 0001933 162.4477 290.1824  1.00269157 12885
TIANLIAN 2-03           
1 53100U 22078A   26019.93966374  .00000086  00000+0  00000+0 0  9995
2 53100   0.2973  68.7284 0003698 229.5753 169.8530  1.00272735 13065
SBIRS GEO-6 (USA 336)   
1 53355U 22092A   26019.96514390 -.00000274  00000+0  00000+0 0  9993
2 53355   3.5143 315.2315 0002032 339.6538 310.9138  1.00271452 12744
EUTELSAT KONNECT VHTS   
1 53765U 22110A   26019.93819039  .00000031  00000+0  00000+0 0  9994
2 53765   0.0564  98.2284 0002971 173.3291 188.2305  1.00268433  5358
ZHONGXING-1E            
1 53813U 22112A   26019.95370383 -.00000135  00000+0  00000+0 0  9992
2 53813   0.0363 177.5716 0004488 107.7358 258.7785  1.00270703 12367
SES-20                  
1 53960U 22123A   26019.91721694 -.00000087  00000+0  00000+0 0  9994
2 53960   0.0156  61.6610 0001256  20.2642 264.4650  1.00270036 12040
SES-21                  
1 53961U 22123B   26019.62633506  .00000000  00000+0  00000+0 0  9991
2 53961   0.0344  40.9067 0000916 247.9826 284.6939  1.00266842  5721
GALAXY 33 (G-33)        
1 54026U 22128A   26019.89665234  .00000093  00000+0  00000+0 0  9993
2 54026   0.0186 322.0669 0001708 338.5050   8.4922  1.00272066 12251
GALAXY 34 (G-34)        
1 54027U 22128B   26019.69809551  .00000000  00000+0  00000+0 0  9992
2 54027   0.0155  43.7504 0001258 251.1445 306.5704  1.00270979 12421
ANGOSAT 2               
1 54033U 22131A   26018.23035731  .00000151  00000+0  00000+0 0  9990
2 54033   0.0212 133.8271 0000587 309.4562 140.2673  1.00271947 11978
EUTELSAT HOTBIRD 13F    
1 54048U 22134A   26019.94018374  .00000101  00000+0  00000+0 0  9997
2 54048   0.0598 278.3478 0002205  86.0466 106.3850  1.00271682 11892
LDPE-2                  
1 54219U 22144A   26019.93671706  .00000055  00000+0  00000+0 0  9999
2 54219   5.2816  64.6739 0002648 270.5345 116.9689  1.02052395 10352
EUTELSAT HOTBIRD 13G    
1 54225U 22146A   26019.36954015  .00000000  00000+0  00000+0 0  9992
2 54225   0.0200 221.1552 0001617 308.0861  95.5738  1.00276440  5973
ZHONGXING-19            
1 54230U 22148A   26019.89867017 -.00000066  00000+0  00000+0 0  9996
2 54230   0.0490 248.5863 0008570   1.5658 356.0268  1.00271670 11893
GALAXY 31 (G-31)        
1 54243U 22153A   26019.91366360  .00000027  00000+0  00000+0 0  9990
2 54243   0.0040 111.0575 0001450 202.9258  13.2266  1.00271864  5646
GALAXY 32 (G-32)        
1 54244U 22153B   26019.91955696 -.00000160  00000+0  00000+0 0  9996
2 54244   0.0144  37.4675 0002554 296.5659  25.2981  1.00270808 11656
EUTELSAT 10B            
1 54259U 22157A   26019.93957707  .00000082  00000+0  00000+0 0  9995
2 54259   0.0578  95.8203 0000905  27.5787 344.1702  1.00269313 11541
GALAXY 35 (G-35)        
1 54741U 22170A   26019.91921029 -.00000148  00000+0  00000+0 0  9996
2 54741   0.0216 103.2406 0002013 199.1013  54.7705  1.00271712 11403
GALAXY 36 (G-36)        
1 54742U 22170B   26019.91999030 -.00000171  00000+0  00000+0 0  9990
2 54742   0.0126 113.2807 0001140 264.6812 343.5282  1.00270454 11282
METEOSAT-12 (MTG-I1)    
1 54743U 22170C   26019.93758373  .00000008  00000+0  00000+0 0  9994
2 54743   0.7326  29.9497 0001498 260.2553 166.4665  1.00275606 11494
SHIJIAN-23 (SJ-23)      
1 55131U 23002A   26019.74905757 -.00000286  00000+0  00000+0 0  9999
2 55131   3.3352  80.2495 0005510 253.3765 148.8566  1.00510350 11020
APSTAR-6E               
1 55239U 23005A   26019.25089275  .00000000  00000+0  00000+0 0  9998
2 55239   0.0133 245.3529 0003059  36.0275  61.6152  1.00272021 17197
USA 342                 
1 55263U 23008A   26017.58860294  .00000154  00000+0  00000+0 0  9990
2 55263   0.0101  72.7993 0000266 204.0946  75.8056  1.00270350 11002
LDPE-3A                 
1 55264U 23008B   26019.76326926  .00000095  00000+0  00000+0 0  9996
2 55264   1.8966  83.1136 0000614 304.3075 206.4241  1.01256146 10331
ELEKTRO-L 4             
1 55506U 23016A   26019.20989291  .00000000  00000+0  00000+0 0  9999
2 55506   0.0054  54.8500 0002638 214.9403  90.1795  1.00270437 10844
AMAZONAS NEXUS          
1 55508U 23017A   26019.92553699 -.00000268  00000+0  00000+0 0  9997
2 55508   0.0340  43.2493 0003428 292.8159  55.4328  1.00270028  5552
ZHONGXING-26            
1 55686U 23023A   26019.24915942 -.00000339  00000+0  00000+0 0  9998
2 55686   0.0591  71.4997 0002289 303.4599 318.4807  1.00269553 10731
LUCH-5X (OLYMP-K 2)     
1 55841U 23031A   26019.66455530  .00000048  00000+0  00000+0 0  9994
2 55841   0.0340 102.3058 0001609  39.9462 277.9905  1.00271196 10445
GAOFEN-13 02            
1 55912U 23036A   26019.82429551 -.00000204  00000+0  00000+0 0  9995
2 55912   1.0560 342.4344 0004671 332.6535 249.0369  1.00268168 10607
SES-18                  
1 55970U 23038A   26019.91721694 -.00000087  00000+0  00000+0 0  9993
2 55970   0.0632 260.7441 0002604  16.2821  69.3686  1.00272295 10619
SES-19                  
1 55971U 23038B   26019.69688218  .00000102  00000+0  00000+0 0  9990
2 55971   0.0452 264.9639 0001492  49.9201 280.1718  1.00269591 10595
INTELSAT 40E (IS-40E)   
1 56174U 23052A   26019.91955696  .00000000  00000+0  00000+0 0  9991
2 56174   0.0229  86.9604 0001030 178.9536  93.4333  1.00268329 10337
VIASAT-3 F1             
1 56370U 23060A   26019.91999030  .00000000  00000+0  00000+0 0  9998
2 56370   0.0140  43.7885 0000283 329.8893 347.8589  1.00269976  9944
ARCTURUS                
1 56371U 23060B   26019.94997714 -.00000090  00000+0  00000+0 0  9999
2 56371   2.3930  81.8564 0003711 353.9009  87.8985  1.00892826  9970
GS-1                    
1 56372U 23060C   26018.66928675 -.00000113  00000+0  00000+0 0  9994
2 56372   2.3410  81.6497 0004525 251.4221 104.2261  1.00304672  6031
BEIDOU-3 G4             
1 56564U 23066A   26019.89797683 -.00000097  00000+0  00000+0 0  9993
2 56564   0.7344 305.4406 0001758 212.2953  84.7643  1.00270177  9908
ARABSAT-7B (BADR-8)     
1 56757U 23075A   26019.30081307  .00000159  00000+0  00000+0 0  9990
2 56757   0.0750  32.7449 0004624 307.3260 272.8933  1.00272829  9622
NVS-01 (IRNSS-1J)       
1 56759U 23076A   26019.96323722 -.00000322  00000+0  00000+0 0  9998
2 56759   2.5256 250.2155 0008408  28.7873 316.6296  1.00268241  9623
NUSANTARA TIGA (SATRIA) 
1 57045U 23086A   26019.96653058 -.00000221  00000+0  00000+0 0  9994
2 57045   0.0379 326.2074 0006005 343.0281 304.0506  1.00269553  8274
H2SAT (HEINRICH HERTZ)  
1 57213U 23093A   26019.36711346  .00000016  00000+0  00000+0 0  9999
2 57213   0.0215  91.8990 0000310 329.3104 190.4115  1.00271485  9424
SYRACUSE 4B             
1 57214U 23093B   26019.93628372 -.00000040  00000+0  00000+0 0  9997
2 57214   0.0061 150.3132 0000256 228.5872  70.9433  1.00271721  5484
JUPITER 3 (ECHOSTAR 24) 
1 57479U 23108A   26018.93567977 -.00000135  00000+0  00000+0 0  9994
2 57479   0.0111  50.5379 0001120 240.3993  69.0347  1.00271877  9157
GALAXY 37 (G-37)        
1 57493U 23112A   26019.91227692  .00000062  00000+0  00000+0 0  9999
2 57493   0.0206  44.7652 0001925 260.6012  15.3273  1.00271270  9055
LUDI TANCE-4 01A        
1 57624U 23120A   26019.95535051 -.00000161  00000+0  00000+0 0  9990
2 57624  15.2078 197.6339 0006670  97.0303 258.0465  1.00264969  9059
TJS-10                  
1 58204U 23169A   26019.77431911  .00000016  00000+0  00000+0 0  9996
2 58204   2.1603  82.3467 0005664 180.8453 307.7827  1.00274932  8058
ZHONGXING-6E            
1 58253U 23172A   26019.96046387 -.00000347  00000+0  00000+0 0  9992
2 58253   0.0064  19.6874 0003182 295.3212 265.6166  1.00268908  8170
YAOGAN-41               
1 58582U 23197A   26019.96202388 -.00000344  00000+0  00000+0 0  9996
2 58582   3.4056 311.0295 0009012 190.3544  87.4408  1.00270949  7838
OVZON-3                 
1 58698U 24003A   26019.87811583  .00000066  00000+0  00000+0 0  9994
2 58698   0.0135 135.9645 0000400  21.3698 337.7347  1.00268045  5952
INSAT-3DS               
1 58990U 24033A   26019.52597443 -.00000142  00000+0  00000+0 0  9996
2 58990   0.0716 262.6312 0001605  67.8454  59.8773  1.00271363 45578
MERAH PUTIH 2           
1 58995U 24035A   26019.96003053 -.00000344  00000+0  00000+0 0  9994
2 58995   0.0179  58.7203 0001009 250.3409 268.8437  1.00271314  7108
TJS-11                  
1 59020U 24037A   26018.71919954 -.00000347  00000+0  00000+0 0  9997
2 59020   4.4021 325.2951 0005921   5.0864 167.0351  1.00271164  7086
HULIANWAN GAOGUI-01 (H*)
1 59069U 24040A   26019.94425710  .00000170  00000+0  00000+0 0  9995
2 59069   0.0565 302.9213 0003757  34.4799 155.5398  1.00272534  5842
EUTELSAT 36D            
1 59346U 24059A   26019.94469044  .00000000  00000+0  00000+0 0  9993
2 59346   0.0273  77.3638 0000099 273.2449 144.6609  1.00271334  6663
PAKSAT-MM1              
1 59915U 24104A   26019.51722105  .00000168  00000+0  00000+0 0  9994
2 59915   0.0141  93.8200 0002954 213.3940  36.1315  1.00274186  6038
ASTRA 1P (SES-24)       
1 60086U 24115A   26019.94139708  .00000134  00000+0  00000+0 0  9998
2 60086   0.0825 310.1238 0005329 349.9186 177.3737  1.00270315  5711
GOES 19                 
1 60133U 24119A   26019.92267698 -.00000234  00000+0  00000+0 0  9995
2 60133   0.0114 295.1919 0000983  55.0044  26.0788  1.00272446  5478
ZHONGXING-3A            
1 60179U 24122A   26019.10183484 -.00000298  00000+0  00000+0 0  9999
2 60179   0.0259 125.7467 0000593 228.2143 262.7729  1.00267510  5813
TURKSAT 6A              
1 60233U 24127A   26019.94590377  .00000160  00000+0  00000+0 0  9997
2 60233   0.0636 226.1348 0003589  49.5287 226.1556  1.00272078  5534
HULIANWAN GAOGUI-02 (H*)
1 60327U 24135A   26019.89659016 -.00000159  00000+0  00000+0 0  9999
2 60327   0.0231  49.2095 0005817 272.9975 272.9458  1.00271348  6017
ZHONGXING-4A            
1 60606U 24151A   26019.96107054 -.00000347  00000+0  00000+0 0  9994
2 60606   1.6979 272.3622 0001474  72.8198 238.3438  1.00271291  5264
HULIANWAN GAOGUI-03 (H*)
1 61503U 24181A   26019.92233031 -.00000226  00000+0  00000+0 0  9991
2 61503   0.0206  48.6442 0000550 110.8110 214.7111  1.00266199  5337
DSN-3 (KIRAMEKI-3)      
1 61733U 24198A   26019.96618391 -.00000236  00000+0  00000+0 0  9995
2 61733   0.0458 243.6566 0001869  83.7621 283.8088  1.00270424  4430
KOREASAT 6A             
1 61910U 24206A   26019.60397491 -.00000347  00000+0  00000+0 0  9991
2 61910   0.0211 103.4586 0000527 187.3961 161.5720  1.00270779  4356
OPTUS-X (ADS-01)        
1 62006U 24212A   26019.96523057 -.00000269  00000+0  00000+0 0  9996
2 62006   0.0462 253.4751 0001382  34.6181 318.3598  1.00270641  4273
GSAT-N2 (GSAT-20)       
1 62028U 24214A   26019.95110381 -.00000006  00000+0  00000+0 0  9992
2 62028   0.0451 246.3451 0002267  34.9491 248.4142  1.00273071  4417
SXM-9                   
1 62259U 24234A   26019.92077030 -.00000191  00000+0  00000+0 0  9995
2 62259   0.0237 324.4254 0003689 327.2085  73.9819  1.00271468  4083
TJS-12                  
1 62374U 24246A   26019.89529015 -.00000216  00000+0  00000+0 0  9995
2 62374   1.0147 289.7144 0001645 346.7891 311.6256  1.00272557  4070
NUVIEW ALPHA            
1 62455U 24252B   26019.42188713 -.00000201  00000+0  00000+0 0  9991
2 62455   0.0446  29.8033 0002416 297.8366 219.9391  1.00270755  2336
AGILA                   
1 62456U 24252C   26019.89641682 -.00000167  00000+0  00000+0 0  9993
2 62456   0.0377 146.1384 0001497 148.4778 299.5224  1.00272565  3676
NUVIEW BRAVO            
1 62457U 24252D   26019.35056002 -.00000200  00000+0  00000+0 0  9999
2 62457   0.0739 184.5288 0001329  69.9272 267.3814  1.00271014  2303
THURAYA-4               
1 62483U 25001A   26019.94642379  .00000153  00000+0  00000+0 0  9990
2 62483   0.0145  74.5907 0000175  60.4497   9.3010  1.00273272  2694
SHIJIAN-25 (SJ-25)      
1 62485U 25002A   26019.78216856 -.00000335  00000+0  00000+0 0  9995
2 62485   4.7598  62.0126 0049773 171.1178 295.4472  1.00278656  3879
TJS-14                  
1 62804U 25017A   26019.94122375  .00000130  00000+0  00000+0 0  9998
2 62804   1.1330 288.5193 0003111  32.8283 155.1836  1.00269869  3786
SPAINSAT NG I           
1 62852U 25021A   26018.73082046  .00000166  00000+0  00000+0 0  9991
2 62852   0.1998  85.6778 0000841 279.6272  44.9253  1.00266238  2480
QZS-6 (MICHIBIKI-6)     
1 62876U 25023A   26019.95552384 -.00000219  00000+0  00000+0 0  9991
2 62876   0.0307 304.5904 0001782  16.1955 233.0553  1.00270196  3472
ZHONGXING-10R           
1 63075U 25036A   26019.95951053 -.00000338  00000+0  00000+0 0  9995
2 63075   0.0553 245.7866 0002698 323.1238   6.3757  1.00269641  3461
TJS-15                  
1 63157U 25045A   26019.79387235 -.00000249  00000+0  00000+0 0  9994
2 63157   0.1462  89.6125 0006697 238.5710 171.1035  1.00268142  3276
TIANLIAN 2-04           
1 63361U 25062A   26019.09750148 -.00000117  00000+0  00000+0 0  9994
2 63361   4.7578 276.4676 0035889   5.7855 311.3737  1.00270545  3106
TJS-16                  
1 63397U 25064A   26019.78228209 -.00000091  00000+0  00000+0 0  9990
2 63397   0.7142  82.0438 0005017 239.6201 239.6991  1.00272440  2905
TJS-17                  
1 63524U 25073A   26019.77028093 -.00000056  00000+0  00000+0 0  9991
2 63524   0.6794  83.8672 0004325 225.9534 251.1562  1.00271226  2809
TIANLIAN 2-05           
1 63662U 25084A   26019.94165708  .00000141  00000+0  00000+0 0  9994
2 63662   4.8272 281.4479 0002743  56.8352 140.3989  1.00273479  2894
TJS-19                  
1 63924U 25097A   26019.76093659 -.00000258  00000+0  00000+0 0  9994
2 63924   3.5427 315.2023 0003013 322.0604 257.0627  1.00270720  2658
CHINASAT 3B             
1 64062U 25106A   26019.82810887 -.00000031  00000+0  00000+0 0  9995
2 64062   0.0246 157.6612 0004270 117.9662 309.0226  1.00272043  2570
SXM-10                  
1 64290U 25122A   26019.70060887 -.00000002  00000+0  00000+0 0  9998
2 64290   0.0158  39.6194 0002444 322.6278 252.8851  1.00270295  2192
CHINASAT 9C             
1 64470U 25132A   26019.95587051 -.00000233  00000+0  00000+0 0  9999
2 64470   0.0108 302.9774 0003189 335.0080 277.6614  1.00273009  2663
MTG-S1                  
1 64723U 25143A   26019.93697706 -.00000016  00000+0  00000+0 0  9998
2 64723   0.7199 319.2252 0002790 321.5141 172.4872  1.00272674  1932
DROR 1                  
1 64784U 25148A   26019.93680373 -.00000020  00000+0  00000+0 0  9997
2 64784   0.0402 270.7920 0003450  59.9444 121.8191  1.00271263  1816
SHIYAN-29               
1 65486U 25196A   26019.95293006 -.00000260  00000+0  00000+0 0  9991
2 65486  28.6607  20.4001 0010145 188.7093 348.5415  1.00271859  1390
TJS-20                  
1 66142U 25238A   26019.87863583  .00000044  00000+0  00000+0 0  9991
2 66142   5.8002 300.1240 0005572  75.2942 122.6112  1.00270689   844
CMS-03 (GSAT-7R)        
1 66311U 25249B   26019.95613051 -.00000244  00000+0  00000+0 0  9996
2 66311   0.0439 262.7478 0003835 167.4848 126.8279  1.00272782   866
